290	1.35150424	3.94644161
291	1.36447006	3.95403137
292	1.37749049	3.9615491
293	1.39056463	3.96899394
294	1.40369152	3.97636502
295	1.41687022	3.98366151
296	1.43009974	3.99088259
297	1.44337908	3.99802745
298	1.45670723	4.0050953
299	1.47008314	4.01208539
300	1.48350576	4.01899696
301	1.49697402	4.02582928
302	1.51048681	4.03258165
303	1.52404303	4.03925339
304	1.53764155	4.04584384
305	1.55128122	4.05235234
306	1.56496087	4.0587783
307	1.57867934	4.06512111
308	1.59243542	4.0713802
309	1.60622792	4.07755505
310	1.6200556	4.08364512
311	1.63391723	4.08964993
312	1.64781156	4.09556902
313	1.66173734	4.10140194
314	1.67569328	4.10714829
315	1.68967811	4.11280769
316	1.70369054	4.11837979
317	1.71772926	4.12386426
318	1.73179297	4.12926082
319	1.74588034	4.13456919
320	1.75999005	4.13978914
321	1.77412078	4.14492048
322	1.78827118	4.14996303
323	1.80243992	4.15491664
324	1.81662565	4.15978121
325	1.83082704	4.16455666
326	1.84504272	4.16924295
327	1.85927136	4.17384006
328	1.87351161	4.178348
329	1.88776212	4.18276684
330	1.90202155	4.18709664
331	1.91628856	4.19133752
332	1.93056181	4.19548964
333	1.94483997	4.19955316
334	1.95912172	4.2035283
335	1.97340574	4.2074153
336	1.98769071	4.21121444
337	2.00197534	4.21492603
338	2.01625834	4.21855039
339	2.03053842	4.2220879
340	2.04481432	4.22553896
341	2.05908478	4.228904
342	2.07334856	4.23218347
343	2.08760444	4.23537788
344	2.10185119	4.23848775
345	2.11608763	4.24151361
346	2.13031257	4.24445605
347	2.14452487	4.24731568
348	2.15872337	4.25009313
349	2.17290696	4.25278906
350	2.18707454	4.25540416
351	2.20122503	4.25793914
352	2.21535737	4.26039474
353	2.22947054	4.26277172
354	2.24356352	4.26507087
355	2.25763533	4.267293
356	2.27168501	4.26943895
357	2.28571164	4.27150956
358	2.2997143	4.2735057
359	2.31369212	4.27542828
360	2.32764425	4.27727821
361	2.34156987	4.27905641
362	2.35546817	4.28076383
363	2.36933841	4.28240144
364	2.38317985	4.28397022
365	2.39699179	4.28547116
366	2.41077354	4.28690528
367	2.42452448	4.28827358
368	2.438244	4.28957709
369	2.45193151	4.29081688
370	2.46558648	4.29199397
371	2.47920838	4.29310943
372	2.49279674	4.29416434
373	2.50635112	4.29515975
374	2.51987109	4.29609676
375	2.53335627	4.29697644
376	2.54680633	4.29779988
377	2.56022093	4.29856816
378	2.5735998	4.29928238
379	2.58694269	4.29994363
380	2.60024938	4.30055299
381	2.61351969	4.30111155
382	2.62675346	4.3016204
383	2.63995058	4.30208061
384	2.65311095	4.30249325
385	2.66623453	4.30285941
386	2.67932128	4.30318014
387	2.69237122	4.30345648
388	2.70538439	4.3036895
389	2.71836085	4.30388022
390	2.7313007	4.30402967
391	2.74420407	4.30413886
392	2.75707112	4.3042088
393	2.76990204	4.30424046
394	2.78269704	4.30423482
395	2.79545636	4.30419284
396	2.80818028	4.30411547
397	2.82086908	4.30400362
398	2.8335231	4.30385821
399	2.84614268	4.30368011
400	2.85872819	4.30347022
401	2.87128003	4.30322937
402	2.88379861	4.30295839
403	2.89628439	4.30265811
404	2.90873781	4.3023293
405	2.92115937	4.30197273
406	2.93354956	4.30158914
407	2.94590893	4.30117926
408	2.95823799	4.30074378
409	2.97053732	4.30028338
410	2.9828075	4.29979869
411	2.9950491	4.29929036
412	3.00726276	4.29875896
413	3.01944907	4.29820508
414	3.03160869	4.29762925
415	3.04374226	4.297032
416	3.05585043	4.29641382
417	3.06793389	4.29577518
418	3.07999331	4.2951165
419	3.09202939	4.2944382
420	3.10404281	4.29374067
421	3.1160343	4.29302426
422	3.12800455	4.29228928
423	3.13995428	4.29153605
424	3.15188423	4.29076484
425	3.16379511	4.28997588
426	3.17568765	4.28916939
427	3.18756258	4.28834556
428	3.19942064	4.28750454
429	3.21126255	4.28664647
430	3.22308906	4.28577145
431	3.23490088	4.28487955
432	3.24669874	4.28397083
433	3.25848337	4.28304529
434	3.27025549	4.28210295
435	3.28201581	4.28114376
436	3.29376505	4.28016766
437	3.3055039	4.27917456
438	3.31723306	4.27816436
439	3.32895321	4.27713692
440	3.34066504	4.27609207
441	3.35236922	4.27502963
442	3.3640664	4.27394938
443	3.37575723	4.27285108
444	3.38744235	4.27173448
445	3.39912238	4.27059928
446	3.41079793	4.2694452
447	3.42246959	4.26827188
448	3.43413796	4.267079
449	3.44580359	4.26586616
450	3.45746704	4.26463298
451	3.46912885	4.26337905
452	3.48078953	4.26210394
453	3.49244958	4.26080718
454	3.50410949	4.25948832
455	3.51576972	4.25814686
456	3.52743072	4.2567823
457	3.53909292	4.25539411
458	3.55075672	4.25398177
459	3.56242251	4.25254471
460	3.57409067	4.25108237
461	3.58576153	4.24959417
462	3.59743541	4.24807951
463	3.60911264	4.24653778
464	3.62079347	4.24496837
465	3.63247818	4.24337064
466	3.644167	4.24174396
467	3.65586014	4.24008767
468	3.6675578	4.23840111
469	3.67926014	4.23668362
470	3.69096731	4.23493452
471	3.70267943	4.23315312
472	3.71439659	4.23133874
473	3.72611888	4.22949069
474	3.73784633	4.22760825
475	3.74957898	4.22569075
476	3.76131682	4.22373745
477	3.77305984	4.22174767
478	3.784808	4.21972068
479	3.79656121	4.21765578
480	3.80831938	4.21555225
481	3.82008241	4.21340938
482	3.83185014	4.21122647
483	3.84362241	4.2090028
484	3.85539903	4.20673767
485	3.8671798	4.20443037
486	3.87896446	4.20208022
487	3.89075278	4.1996865
488	3.90254445	4.19724854
489	3.91433919	4.19476565
490	3.92613665	4.19223715
491	3.9379365	4.18966238
492	3.94973836	4.18704068
493	3.96154185	4.18437138
494	3.97334653	4.18165385
495	3.98515199	4.17888746
496	3.99695776	4.17607157
497	4.00876337	4.17320558
498	4.02056832	4.17028889
499	4.0323721	4.1673209
500	4.04417417	4.16430104
501	4.05597397	4.16122875
502	4.06777095	4.15810347
503	4.0795645	4.15492466
504	4.09135402	4.15169182
505	4.10313889	4.14840442
506	4.11491846	4.14506199
507	4.12669208	4.14166403
508	4.13845908	4.1382101
509	4.15021876	4.13469975
510	4.16197044	4.13113256
511	4.17371339	4.12750812
512	4.18544688	4.12382603
513	4.19717018	4.12008593
514	4.20888252	4.11628746
515	4.22058315	4.1124303
516	4.23227129	4.10851411
517	4.24394615	4.10453861
518	4.25560693	4.10050352
519	4.26725283	4.09640858
520	4.27888303	4.09225356
521	4.29049671	4.08803823
522	4.30209304	4.0837624
523	4.31367118	4.0794259
524	4.32523028	4.07502857
525	4.3367695	4.07057027
526	4.34828797	4.06605088
527	4.35978485	4.06147033
528	4.37125925	4.05682852
529	4.38271033	4.05212542
530	4.3941372	4.04736099
531	4.405539	4.04253522
532	4.41691484	4.03764812
533	4.42826386	4.03269972
534	4.43958517	4.02769008
535	4.45087791	4.02261927
536	4.46214119	4.01748739
537	4.47337415	4.01229455
538	4.4845759	4.00704089
539	4.49574559	4.00172655
540	4.50688234	3.99635173
541	4.51798528	3.99091661
542	4.52905356	3.98542142
543	4.54008633	3.97986638
544	4.55108273	3.97425176
545	4.56204192	3.96857783
546	4.57296305	3.96284488
547	4.5838453	3.95705322
548	4.59468784	3.9512032
549	4.60548985	3.94529515
550	4.61625053	3.93932944
551	4.62696906	3.93330647
552	4.63764465	3.92722663
553	4.64827653	3.92109035
554	4.65886391	3.91489806
555	4.66940603	3.90865021
556	4.67990214	3.90234727
557	4.69035149	3.89598973
558	4.70075334	3.8895781
559	4.71110698	3.88311288
560	4.7214117	3.87659461
561	4.73166679	3.87002382
562	4.74187158	3.86340109
563	4.75202538	3.85672698
564	4.76212755	3.85000208
565	4.77217742	3.84322699
566	4.78217437	3.83640231
567	4.79211777	3.82952867
568	4.80200703	3.8226067
569	4.81184154	3.81563706
570	4.82162073	3.80862038
571	4.83134403	3.80155735
572	4.8410109	3.79444863
573	4.8506208	3.78729492
574	4.86017322	3.7800969
575	4.86966764	3.77285528
576	4.87910357	3.76557077
577	4.88848055	3.75824408
578	4.89779811	3.75087596
579	4.90705582	3.74346712
580	4.91625323	3.7360183
581	4.92538995	3.72853027
582	4.93446557	3.72100375
583	4.94347971	3.71343952
584	4.952432	3.70583832
585	4.9613221	3.69820094
586	4.97014967	3.69052813
587	4.97891439	3.68282067
588	4.98761596	3.67507934
589	4.99625409	3.66730492
590	5.00482851	3.65949819
591	5.01333896	3.65165992
592	5.0217852	3.64379092
593	5.030167	3.63589196
594	5.03848415	3.62796384
595	5.04673646	3.62000733
596	5.05492375	3.61202324
597	5.06304584	3.60401235
598	5.07110259	3.59597544
599	5.07909386	3.58791331
600	5.08701954	3.57982674
601	5.0948795	3.57171652
602	5.10267366	3.56358342
603	5.11040194	3.55542824
604	5.11806428	3.54725175
605	5.12566062	3.53905473
606	5.13319092	3.53083795
607	5.14065516	3.52260218
608	5.14805333	3.51434819
609	5.15538544	3.50607674
610	5.16265148	3.49778859
611	5.1698515	3.4894845
612	5.17698554	3.48116521
613	5.18405364	3.47283148
614	5.19105586	3.46448405
615	5.1979923	3.45612364
616	5.20486302	3.447751
617	5.21166814	3.43936685
618	5.21840777	3.4309719
619	5.22508202	3.42256688
620	5.23169102	3.41415249
621	5.23823493	3.40572943
622	5.24471389	3.39729839
623	5.25112806	3.38886007
624	5.25747763	3.38041516
625	5.26376277	3.37196431
626	5.26998368	3.36350821
627	5.27614055	3.35504751
628	5.2822336	3.34658287
629	5.28826305	3.33811493
630	5.29422913	3.32964434
631	5.30013207	3.32117173
632	5.30597211	3.31269771
633	5.31174952	3.30422292
634	5.31746454	3.29574795
635	5.32311745	3.28727341
636	5.32870852	3.2787999
637	5.33423803	3.27032799
638	5.33970628	3.26185827
639	5.34511355	3.2533913
640	5.35046014	3.24492764
641	5.35574637	3.23646786
642	5.36097255	3.22801248
643	5.366139	3.21956206
644	5.37124603	3.21111712
645	5.37629399	3.20267817
646	5.3812832	3.19424574
647	5.386214	3.18582032
648	5.39108674	3.17740241
649	5.39590177	3.1689925
650	5.40065944	3.16059106
651	5.40536011	3.15219857
652	5.41000414	3.14381549
653	5.41459188	3.13544227
654	5.41912372	3.12707936
655	5.42360002	3.11872719
656	5.42802116	3.1103862
657	5.43238751	3.10205681
658	5.43669946	3.09373943
659	5.44095738	3.08543446
660	5.44516167	3.07714231
661	5.44931271	3.06886335
662	5.45341089	3.06059798
663	5.4574566	3.05234657
664	5.46145024	3.04410948
665	5.4653922	3.03588706
666	5.46928288	3.02767968
667	5.47312268	3.01948766
668	5.47691199	3.01131136
669	5.48065123	3.00315108
670	5.48434078	2.99500715
671	5.48798106	2.98687989
672	5.49157246	2.9787696
673	5.4951154	2.97067658
674	5.49861026	2.96260111
675	5.50205747	2.95454348
676	5.50545742	2.94650396
677	5.50881052	2.93848283
678	5.51211718	2.93048034
679	5.51537779	2.92249675
680	5.51859277	2.91453232
681	5.52176252	2.90658727
682	5.52488744	2.89866184
683	5.52796794	2.89075627
684	5.53100442	2.88287078
685	5.53399728	2.87500558
686	5.53694693	2.86716087
687	5.53985376	2.85933687
688	5.54271817	2.85153376
689	5.54554057	2.84375175
690	5.54832134	2.83599101
691	5.5510609	2.82825172
692	5.55375962	2.82053406
693	5.55641792	2.81283819
694	5.55903617	2.80516427
695	5.56161477	2.79751247
696	5.56415411	2.78988292
697	5.56665457	2.78227578
698	5.56911655	2.77469118
699	5.57154043	2.76712927
700	5.57392659	2.75959016
701	5.57627541	2.75207398
702	5.57858727	2.74458086
703	5.58086255	2.7371109
704	5.58310162	2.72966421
705	5.58530486	2.7222409
706	5.58747264	2.71484108
707	5.58960532	2.70746482
708	5.59170328	2.70011223
709	5.59376688	2.6927834
710	5.59579648	2.68547839
711	5.59779244	2.6781973
712	5.59975513	2.67094019
713	5.60168489	2.66370713
714	5.60358208	2.65649819
715	5.60544705	2.64931344
716	5.60728016	2.64215291
717	5.60908174	2.63501668
718	5.61085214	2.62790479
719	5.61259171	2.62081729
720	5.61430078	2.61375421
721	5.61597969	2.6067156
722	5.61762877	2.59970149
723	5.61924836	2.59271191
724	5.62083879	2.5857469
725	5.62240038	2.57880648
726	5.62393345	2.57189067
727	5.62543834	2.56499948
728	5.62691535	2.55813295
729	5.62836481	2.55129106
730	5.62978702	2.54447385
731	5.63118231	2.53768131
732	5.63255098	2.53091345
733	5.63389333	2.52417028
734	5.63520967	2.51745178
735	5.63650031	2.51075795
736	5.63776553	2.5040888
737	5.63900564	2.4974443
738	5.64022093	2.49082446
739	5.64141169	2.48422925
740	5.64257821	2.47765866
741	5.64372077	2.47111266
742	5.64483966	2.46459125
743	5.64593516	2.45809439
744	5.64700754	2.45162207
745	5.64805709	2.44517425
746	5.64908407	2.4387509
747	5.65008876	2.432352
748	5.65107141	2.42597751
749	5.65203231	2.4196274
750	5.65297171	2.41330162
751	5.65388987	2.40700015
752	5.65478705	2.40072294
753	5.6556635	2.39446995
754	5.65651948	2.38824113
755	5.65735523	2.38203644
756	5.65817101	2.37585583
757	5.65896706	2.36969926
758	5.65974363	2.36356668
759	5.66050094	2.35745802
760	5.66123925	2.35137325
761	5.66195879	2.34531231
762	5.66265978	2.33927514
763	5.66334247	2.33326168
764	5.66400708	2.32727189
765	5.66465383	2.32130569
766	5.66528295	2.31536303
767	5.66589466	2.30944385
768	5.66648918	2.30354808
769	5.66706673	2.29767566
770	5.66762752	2.29182653
771	5.66817176	2.28600063
772	5.66869967	2.28019788
773	5.66921145	2.27441821
774	5.66970731	2.26866157
775	5.67018744	2.26292788
776	5.67065206	2.25721706
777	5.67110136	2.25152906
778	5.67153553	2.2458638
779	5.67195478	2.2402212
780	5.67235929	2.2346012
781	5.67274926	2.22900371
782	5.67312487	2.22342868
783	5.67348631	2.21787601
784	5.67383377	2.21234563
785	5.67416742	2.20683748
786	5.67448745	2.20135147
787	5.67479403	2.19588752
788	5.67508734	2.19044556
789	5.67536756	2.1850255
790	5.67563486	2.17962728
791	5.67588941	2.17425081
792	5.67613137	2.168896
793	5.67636091	2.16356279
794	5.67657821	2.15825109
795	5.67678341	2.15296082
796	5.67697668	2.14769189
797	5.67715819	2.14244423
798	5.67732808	2.13721776
799	5.67748652	2.13201239
800	5.67763365	2.12682804
801	5.67776963	2.12166462
802	5.67789461	2.11652207
803	5.67800874	2.11140028
804	5.67811216	2.10629918
805	5.67820502	2.10121868
806	5.67828746	2.09615871
807	5.67835963	2.09111917
808	5.67842166	2.08609999
809	5.6784737	2.08110107
810	5.67851587	2.07612234
811	5.67854832	2.07116371
812	5.67857118	2.06622509
813	5.67858457	2.06130641
814	5.67858864	2.05640757
815	5.6785835	2.0515285
816	5.6785693	2.0466691
817	5.67854614	2.04182929
818	5.67851417	2.037009
819	5.67847349	2.03220812
820	5.67842423	2.02742658
821	5.67836652	2.0226643
822	5.67830046	2.01792119
823	5.67822619	2.01319716
824	5.6781438	2.00849213
825	5.67805343	2.00380601
826	5.67795517	1.99913873
827	5.67784914	1.99449019
828	5.67773546	1.98986031
829	5.67761423	1.98524901
830	5.67748556	1.98065621
831	5.67734955	1.97608181
832	5.67720631	1.97152574
833	5.67705595	1.96698791
834	5.67689857	1.96246824
835	5.67673426	1.95796665
836	5.67656313	1.95348304
837	5.67638528	1.94901735
838	5.6762008	1.94456948
839	5.67600979	1.94013935
840	5.67581235	1.93572688
841	5.67560857	1.93133199
842	5.67539854	1.92695459
843	5.67518236	1.92259461
844	5.67496012	1.91825196
845	5.6747319	1.91392655
846	5.67449779	1.90961832
847	5.67425789	1.90532717
848	5.67401227	1.90105302
849	5.67376103	1.8967958
850	5.67350425	1.89255542
851	5.67324201	1.88833181
852	5.67297438	1.88412488
853	5.67270147	1.87993455
854	5.67242334	1.87576075
855	5.67214007	1.87160339
856	5.67185174	1.86746239
857	5.67155844	1.86333768
858	5.67126022	1.85922918
859	5.67095718	1.85513681
860	5.67064939	1.85106049
861	5.67033691	1.84700014
862	5.67001982	1.84295568
863	5.6696982	1.83892704
864	5.66937211	1.83491415
865	5.66904162	1.83091692
866	5.66870681	1.82693527
867	5.66836773	1.82296914
868	5.66802447	1.81901844
869	5.66767708	1.8150831
870	5.66732562	1.81116305
871	5.66697018	1.80725821
872	5.6666108	1.8033685
873	5.66624755	1.79949385
874	5.6658805	1.79563418
875	5.66550971	1.79178943
876	5.66513523	1.78795952
877	5.66475713	1.78414437
878	5.66437546	1.78034392
879	5.66399029	1.77655808
880	5.66360167	1.77278679
881	5.66320966	1.76902998
882	5.66281432	1.76528757
883	5.6624157	1.7615595
884	5.66201386	1.75784568
885	5.66160885	1.75414606
886	5.66120072	1.75046055
887	5.66078953	1.74678909
888	5.66037534	1.74313162
889	5.65995818	1.73948805
890	5.65953811	1.73585833
891	5.65911519	1.73224238
892	5.65868946	1.72864013
893	5.65826098	1.72505151
894	5.65782978	1.72147647
895	5.65739592	1.71791492
896	5.65695945	1.7143668
897	5.6565204	1.71083205
898	5.65607884	1.7073106
899	5.65563479	1.70380239
900	5.65518832	1.70030733
901	5.65473946	1.69682538
902	5.65428825	1.69335646
903	5.65383474	1.68990052
904	5.65337897	1.68645747
905	5.65292099	1.68302727
906	5.65246083	1.67960985
907	5.65199854	1.67620514
908	5.65153415	1.67281307
909	5.65106771	1.6694336
910	5.65059926	1.66606664
911	5.65012883	1.66271215
912	5.64965646	1.65937005
913	5.64918219	1.65604029
914	5.64870607	1.6527228
915	5.64822811	1.64941753
916	5.64774837	1.64612441
917	5.64726688	1.64284338
918	5.64678367	1.63957439
919	5.64629878	1.63631736
920	5.64581224	1.63307224
921	5.64532409	1.62983898
922	5.64483436	1.62661751
923	5.64434308	1.62340777
924	5.64385029	1.62020971
925	5.64335602	1.61702326
926	5.6428603	1.61384837
927	5.64236316	1.61068499
928	5.64186464	1.60753305
929	5.64136476	1.60439249
930	5.64086356	1.60126327
931	5.64036106	1.59814531
932	5.6398573	1.59503858
933	5.6393523	1.59194301
934	5.6388461	1.58885854
935	5.63833872	1.58578513
936	5.63783018	1.58272271
937	5.63732053	1.57967123
938	5.63680977	1.57663064
939	5.63629795	1.57360089
940	5.63578509	1.57058191
941	5.63527121	1.56757366
942	5.63475634	1.56457608
943	5.63424051	1.56158912
944	5.63372374	1.55861272
945	5.63320605	1.55564685
946	5.63268748	1.55269143
947	5.63216804	1.54974643
948	5.63164776	1.54681178
949	5.63112666	1.54388744
950	5.63060477	1.54097336
951	5.6300821	1.53806949
952	5.62955869	1.53517577
953	5.62903455	1.53229216
954	5.62850971	1.5294186
955	5.62798418	1.52655506
956	5.627458	1.52370147
957	5.62693118	1.52085778
958	5.62640373	1.51802396
959	5.62587569	1.51519995
960	5.62534707	1.5123857
961	5.6248179	1.50958117
962	5.62428819	1.5067863
963	5.62375796	1.50400106
964	5.62322723	1.50122539
965	5.62269602	1.49845924
966	5.62216435	1.49570257
967	5.62163224	1.49295534
968	5.62109971	1.49021749
969	5.62056677	1.48748899
970	5.62003344	1.48476978
971	5.61949974	1.48205982
972	5.61896569	1.47935906
973	5.6184313	1.47666747
974	5.6178966	1.47398499
975	5.61736159	1.47131159
976	5.61682629	1.46864721
977	5.61629073	1.46599182
978	5.61575491	1.46334536
979	5.61521886	1.4607078
980	5.61468258	1.4580791
981	5.61414609	1.45545921
982	5.61360941	1.45284808
983	5.61307256	1.45024568
984	5.61253554	1.44765197
985	5.61199838	1.44506689
986	5.61146108	1.44249042
987	5.61092366	1.4399225
988	5.61038613	1.43736311
989	5.60984852	1.43481219
990	5.60931082	1.4322697
991	5.60877306	1.42973561
992	5.60823525	1.42720988
993	5.6076974	1.42469246
994	5.60715952	1.42218332
995	5.60662163	1.41968241
996	5.60608373	1.4171897
997	5.60554585	1.41470514
998	5.60500799	1.41222871
999	5.60447017	1.40976035
1000	5.60393239	1.40730003
1005	5.60124461	1.39511774
1010	5.59855965	1.38313082
1015	5.59587883	1.3713347
1020	5.59320332	1.35972495
1025	5.59053425	1.34829723
1030	5.58787265	1.33704735
1035	5.58521948	1.32597123
1040	5.58257563	1.31506489
1045	5.57994193	1.30432448
1050	5.57731912	1.29374624
1055	5.57470791	1.28332652
1060	5.57210895	1.27306178
1065	5.56952283	1.26294856
1070	5.5669501	1.25298351
1075	5.56439126	1.24316337
1080	5.56184676	1.23348496
1085	5.55931703	1.22394519
1090	5.55680244	1.21454106
1095	5.55430334	1.20526965
1405	5.431858	0.806341575
1410	5.43035495	0.801830586
1415	5.42886421	0.797361011
1420	5.42738565	0.792932228
1425	5.42591914	0.788543628
1430	5.42446456	0.784194615
1435	5.42302178	0.779884603
1440	5.42159067	0.775613019
1445	5.4201711	0.7713793
1450	5.41876295	0.767182897
1455	5.4173661	0.763023267
1460	5.41598042	0.758899883
1465	5.4146058	0.754812223
1470	5.41324211	0.750759779
1475	5.41188923	0.746742051
1480	5.41054705	0.742758548
1485	5.40921545	0.73880879
1490	5.40789431	0.734892305
1495	5.40658352	0.73100863
1500	5.40528296	0.727157311
1505	5.40399253	0.723337902
1510	5.4027121	0.719549966
1515	5.40144157	0.715793073
1520	5.40018084	0.712066802
1525	5.39892978	0.708370739
1530	5.39768831	0.704704479
1535	5.3964563	0.701067622
1540	5.39523365	0.697459777
1545	5.39402026	0.693880559
1550	5.39281604	0.690329592
1555	5.39162086	0.686806503
1560	5.39043465	0.683310929
1565	5.38925729	0.679842513
1570	5.38808869	0.676400902
1575	5.38692875	0.672985752
1580	5.38577737	0.669596723
1585	5.38463447	0.666233482
1590	5.38349994	0.662895702
1595	5.3823737	0.65958306
1600	5.38125564	0.65629524
1605	5.38014569	0.653031932
1610	5.37904375	0.649792829
1615	5.37794972	0.646577632
1620	5.37686354	0.643386045
1625	5.3757851	0.640217777
1630	5.37471432	0.637072544
1635	5.37365112	0.633950064
1640	5.37259542	0.630850061
1645	5.37154712	0.627772264
1650	5.37050616	0.624716406
1655	5.36947244	0.621682224
1660	5.36844589	0.61866946
1665	5.36742643	0.61567786
1670	5.36641398	0.612707174
1675	5.36540846	0.609757156
1680	5.36440981	0.606827564
1685	5.36341793	0.60391816
1690	5.36243277	0.601028709
1695	5.36145424	0.598158982
1700	5.36048227	0.59530875
1705	5.3595168	0.592477791
1710	5.35855774	0.589665886
1715	5.35760503	0.586872817
1720	5.3566586	0.584098371
1725	5.35571839	0.581342339
1730	5.35478432	0.578604515
1735	5.35385633	0.575884696
1740	5.35293435	0.57318268
1745	5.35201831	0.570498271
1750	5.35110816	0.567831275
1755	5.35020383	0.565181501
1760	5.34930525	0.562548761
1765	5.34841236	0.559932869
1770	5.34752511	0.557333642
1775	5.34664343	0.554750901
1780	5.34576726	0.552184469
1785	5.34489655	0.549634171
1790	5.34403123	0.547099834
1795	5.34317124	0.54458129
1800	5.34231654	0.542078372
1805	5.34146705	0.539590914
1810	5.34062274	0.537118755
1815	5.33978353	0.534661736
1820	5.33894939	0.532219698
1825	5.33812025	0.529792486
1830	5.33729606	0.527379947
1835	5.33647676	0.524981932
1840	5.33566232	0.52259829
1845	5.33485267	0.520228875
1850	5.33404776	0.517873544
1855	5.33324755	0.515532153
1860	5.33245198	0.513204562
1865	5.33166101	0.510890633
1870	5.33087459	0.508590229
1875	5.33009267	0.506303216
1880	5.3293152	0.50402946
1885	5.32854214	0.501768831
1890	5.32777345	0.499521199
1895	5.32700906	0.497286438
1900	5.32624895	0.495064422
1905	5.32549306	0.492855026
1910	5.32474136	0.490658129
1915	5.3239938	0.48847361
1920	5.32325033	0.486301349
1925	5.32251091	0.48414123
1930	5.32177551	0.481993137
1935	5.32104408	0.479856956
1940	5.32031658	0.477732573
1945	5.31959297	0.475619877
1950	5.31887321	0.473518759
1955	5.31815726	0.471429111
1960	5.31744508	0.469350825
1965	5.31673663	0.467283796
1970	5.31603188	0.46522792
1975	5.31533078	0.463183093
1980	5.31463331	0.461149215
1985	5.31393942	0.459126185
1990	5.31324908	0.457113905
1995	5.31256224	0.455112277
2000	5.31187889	0.453121203
2010	5.31052247	0.449170344
2020	5.30917953	0.445260579
2030	5.30784981	0.441391182
2040	5.30653305	0.437561441
2050	5.30522899	0.433770665
2060	5.30393738	0.430018177
2070	5.30265796	0.426303319
2080	5.30139052	0.422625447
2090	5.3001348	0.418983934
2100	5.29889057	0.415378166
2110	5.29765763	0.411807546
2120	5.29643574	0.40827149
2130	5.29522469	0.404769428
2140	5.29402427	0.401300801
2150	5.29283429	0.397865067
2160	5.29165453	0.394461694
2170	5.2904848	0.391090162
2180	5.28932492	0.387749964
2190	5.28817469	0.384440603
2200	5.28703393	0.381161595
2210	5.28590247	0.377912465
2220	5.28478012	0.374692751
2230	5.28366672	0.371501998
2240	5.2825621	0.368339764
2250	5.28146609	0.365205615
2260	5.28037854	0.362099126
2270	5.27929929	0.359019883
2280	5.27822819	0.355967478
2290	5.27716507	0.352941516
2300	5.27610981	0.349941606
2310	5.27506225	0.346967369
2320	5.27402225	0.34401843
2330	5.27298968	0.341094425
2340	5.2719644	0.338194997
2350	5.27094628	0.335319795
2360	5.2699352	0.332468476
2370	5.26893101	0.329640705
2380	5.2679336	0.326836152
2390	5.26694286	0.324054495
2400	5.26595865	0.321295418
2410	5.26498087	0.318558612
2420	5.26400939	0.315843772
2430	5.26304412	0.313150601
2440	5.26208493	0.310478808
2450	5.26113173	0.307828106
2460	5.26018441	0.305198216
2470	5.25924286	0.302588861
2480	5.25830699	0.299999774
2490	5.25737669	0.297430688
2500	5.25645188	0.294881344
2510	5.25553245	0.292351489
2520	5.25461832	0.289840872
2530	5.25370938	0.287349248
2540	5.25280557	0.284876376
2550	5.25190678	0.282422021
2560	5.25101293	0.279985951
2570	5.25012394	0.277567938
2580	5.24923973	0.27516776
2590	5.24836022	0.272785196
2600	5.24748532	0.270420033
2610	5.24661496	0.268072057
2620	5.24574907	0.265741063
2630	5.24488757	0.263426845
2640	5.24403039	0.261129204
2650	5.24317746	0.258847943
2660	5.24232871	0.256582869
2670	5.24148406	0.254333792
2680	5.24064346	0.252100525
2690	5.23980683	0.249882885
2700	5.23897412	0.247680692
2710	5.23814526	0.245493769
2720	5.23732018	0.243321942
2730	5.23649883	0.241165039
2740	5.23568115	0.239022892
2750	5.23486707	0.236895337
2760	5.23405655	0.23478221
2770	5.23324952	0.232683351
2780	5.23244593	0.230598604
2790	5.23164573	0.228527813
2800	5.23084886	0.226470827
2810	5.23005527	0.224427496
2820	5.22926491	0.222397673
2830	5.22847774	0.220381213
2840	5.22769369	0.218377973
2850	5.22691272	0.216387814
2860	5.22613479	0.214410597
2870	5.22535985	0.212446187
2880	5.22458785	0.21049445
2890	5.22381875	0.208555255
2900	5.2230525	0.206628472
2910	5.22228907	0.204713974
2920	5.22152841	0.202811636
2930	5.22077047	0.200921334
2940	5.22001523	0.199042946
2950	5.21926263	0.197176353
2960	5.21851264	0.195321437
2970	5.21776522	0.193478082
2980	5.21702034	0.191646174
2990	5.21627795	0.189825599
3000	5.21553802	0.188016248
3010	5.21480051	0.186218011
3020	5.2140654	0.18443078
3030	5.21333263	0.182654449
3040	5.2126022	0.180888915
3050	5.21187404	0.179134073
3060	5.21114815	0.177389822
3070	5.21042448	0.175656063
3080	5.209703	0.173932698
3090	5.20898369	0.172219628
3100	5.2082665	0.170516758
3110	5.20755142	0.168823995
3120	5.20683841	0.167141245
3130	5.20612745	0.165468416
3140	5.20541851	0.163805418
3150	5.20471155	0.162152162
3160	5.20400656	0.16050856
3170	5.20330351	0.158874526
3180	5.20260236	0.157249973
3190	5.20190311	0.155634819
3200	5.20120571	0.15402898
3210	5.20051014	0.152432373
3220	5.19981639	0.150844918
3230	5.19912443	0.149266536
3240	5.19843423	0.147697148
3250	5.19774577	0.146136675
3260	5.19705903	0.144585042
3270	5.19637399	0.143042174
3280	5.19569062	0.141507994
3290	5.19500891	0.139982431
3300	5.19432883	0.138465411