Wavelength(nm)	n	k
193	0,87349	1,34915
194	0,86833	1,36386
195	0,86362	1,37758
196	0,85922	1,39053
197	0,85505	1,40289
198	0,85103	1,41483
199	0,84712	1,42645
200	0,84328	1,43787
201	0,8395	1,44916
202	0,83576	1,46039
203	0,83206	1,47163
204	0,8284	1,48291
205	0,82478	1,49429
206	0,82122	1,50578
207	0,81771	1,51743
208	0,81428	1,52924
209	0,81094	1,54124
210	0,80769	1,55344
211	0,80456	1,56584
212	0,80156	1,57845
213	0,79869	1,59128
214	0,79598	1,60432
215	0,79344	1,61758
216	0,79107	1,63105
217	0,7889	1,64472
218	0,78692	1,65858
219	0,78516	1,67264
220	0,78362	1,68689
221	0,7823	1,7013
222	0,78122	1,71588
223	0,78037	1,73061
224	0,77978	1,74549
225	0,77943	1,7605
226	0,77933	1,77563
227	0,77949	1,79087
228	0,77991	1,80621
229	0,78058	1,82164
230	0,78152	1,83716
231	0,78271	1,85274
232	0,78416	1,86838
233	0,78587	1,88407
234	0,78784	1,8998
235	0,79006	1,91556
236	0,79254	1,93135
237	0,79526	1,94715
238	0,79823	1,96295
239	0,80145	1,97876
240	0,80491	1,99456
241	0,8086	2,01033
242	0,81253	2,02609
243	0,81669	2,04182
244	0,82108	2,05751
245	0,82569	2,07317
246	0,83052	2,08877
247	0,83557	2,10433
248	0,84082	2,11983
249	0,84629	2,13526
250	0,85196	2,15063
251	0,85783	2,16593
252	0,86389	2,18116
253	0,87015	2,19631
254	0,87659	2,21138
255	0,88322	2,22636
256	0,89002	2,24125
257	0,89701	2,25605
258	0,90416	2,27075
259	0,91148	2,28536
260	0,91897	2,29987
261	0,92662	2,31427
262	0,93442	2,32856
263	0,94238	2,34275
264	0,95049	2,35683
265	0,95874	2,37079
266	0,96714	2,38464
267	0,97567	2,39836
268	0,98434	2,41197
269	0,99314	2,42546
270	1,00207	2,43882
271	1,01112	2,45206
272	1,02029	2,46517
273	1,02958	2,47815
274	1,03898	2,491
275	1,04849	2,50372
276	1,05811	2,5163
277	1,06783	2,52875
278	1,07764	2,54107
279	1,08756	2,55324
280	1,09756	2,56528
281	1,10765	2,57718
282	1,11783	2,58893
283	1,12808	2,60054
284	1,13841	2,61201
285	1,14882	2,62334
286	1,15929	2,63452
287	1,16983	2,64556
288	1,18043	2,65645
289	1,19109	2,66719
290	1,2018	2,67779
291	1,21256	2,68824
292	1,22337	2,69854
293	1,23422	2,70869
294	1,2451	2,7187
295	1,25602	2,72856
296	1,26697	2,73827
297	1,27795	2,74783
298	1,28895	2,75725
299	1,29997	2,76652
300	1,311	2,77565
301	1,32205	2,78463
302	1,3331	2,79347
303	1,34415	2,80216
304	1,3552	2,81072
305	1,36625	2,81913
306	1,37729	2,8274
307	1,38831	2,83554
308	1,39932	2,84354
309	1,41031	2,8514
310	1,42127	2,85913
311	1,43221	2,86674
312	1,44312	2,87421
313	1,45399	2,88156
314	1,46482	2,88878
315	1,47561	2,89588
316	1,48636	2,90287
317	1,49706	2,90974
318	1,50771	2,91649
319	1,51831	2,92314
320	1,52885	2,92968
321	1,53933	2,93611
322	1,54975	2,94245
323	1,56011	2,94869
324	1,5704	2,95483
325	1,58062	2,96089
326	1,59077	2,96686
327	1,60085	2,97275
328	1,61085	2,97856
329	1,62078	2,98429
330	1,63063	2,98996
331	1,6404	2,99555
332	1,65009	3,00109
333	1,6597	3,00657
334	1,66923	3,01199
335	1,67868	3,01737
336	1,68804	3,0227
337	1,69733	3,02799
338	1,70652	3,03324
339	1,71564	3,03845
340	1,72468	3,04364
341	1,73363	3,04881
342	1,7425	3,05395
343	1,75129	3,05908
344	1,76	3,06419
345	1,76864	3,06929
346	1,77719	3,07439
347	1,78567	3,07949
348	1,79408	3,08459
349	1,80242	3,0897
350	1,81068	3,09482
351	1,81888	3,09995
352	1,82701	3,1051
353	1,83508	3,11027
354	1,84309	3,11545
355	1,85104	3,12067
356	1,85893	3,12591
357	1,86677	3,13119
358	1,87456	3,1365
359	1,8823	3,14184
360	1,89	3,14722
361	1,89766	3,15264
362	1,90528	3,15811
363	1,91287	3,16362
364	1,92042	3,16917
365	1,92795	3,17477
366	1,93545	3,18042
367	1,94294	3,18612
368	1,9504	3,19186
369	1,95785	3,19766
370	1,96529	3,20351
371	1,97273	3,20941
372	1,98016	3,21537
373	1,98758	3,22137
374	1,99502	3,22743
375	2,00245	3,23354
376	2,0099	3,23971
377	2,01736	3,24592
378	2,02484	3,25219
379	2,03234	3,25851
380	2,03985	3,26487
381	2,0474	3,27129
382	2,05497	3,27775
383	2,06257	3,28426
384	2,0702	3,29081
385	2,07788	3,29741
386	2,08559	3,30405
387	2,09334	3,31073
388	2,10113	3,31745
389	2,10897	3,32421
390	2,11686	3,331
391	2,1248	3,33783
392	2,1328	3,34469
393	2,14084	3,35158
394	2,14894	3,3585
395	2,1571	3,36544
396	2,16532	3,37241
397	2,1736	3,37939
398	2,18194	3,3864
399	2,19035	3,39343
400	2,19881	3,40047
401	2,20735	3,40752
402	2,21595	3,41458
403	2,22461	3,42166
404	2,23335	3,42873
405	2,24215	3,43582
406	2,25102	3,4429
407	2,25996	3,44998
408	2,26897	3,45706
409	2,27805	3,46414
410	2,2872	3,47121
411	2,29642	3,47827
412	2,30571	3,48532
413	2,31507	3,49235
414	2,3245	3,49937
415	2,334	3,50638
416	2,34357	3,51336
417	2,35321	3,52032
418	2,36291	3,52726
419	2,37269	3,53418
420	2,38253	3,54107
421	2,39244	3,54793
422	2,40242	3,55476
423	2,41246	3,56156
424	2,42256	3,56832
425	2,43273	3,57505
426	2,44297	3,58175
427	2,45326	3,58841
428	2,46362	3,59503
429	2,47404	3,6016
430	2,48452	3,60814
431	2,49505	3,61464
432	2,50565	3,62109
433	2,5163	3,62749
434	2,527	3,63386
435	2,53777	3,64017
436	2,54858	3,64644
437	2,55945	3,65265
438	2,57036	3,65882
439	2,58133	3,66494
440	2,59235	3,67101
441	2,60342	3,67703
442	2,61453	3,68299
443	2,62569	3,6889
444	2,63689	3,69476
445	2,64814	3,70057
446	2,65942	3,70632
447	2,67075	3,71202
448	2,68212	3,71767
449	2,69353	3,72325
450	2,70498	3,72879
451	2,71647	3,73427
452	2,72799	3,73969
453	2,73955	3,74506
454	2,75114	3,75037
455	2,76276	3,75563
456	2,77442	3,76083
457	2,78611	3,76598
458	2,79783	3,77107
459	2,80957	3,77611
460	2,82135	3,78109
461	2,83316	3,78601
462	2,84499	3,79088
463	2,85685	3,7957
464	2,86874	3,80046
465	2,88065	3,80517
466	2,89258	3,80983
467	2,90454	3,81443
468	2,91652	3,81897
469	2,92853	3,82347
470	2,94055	3,82791
471	2,9526	3,8323
472	2,96467	3,83664
473	2,97676	3,84093
474	2,98887	3,84517
475	3,001	3,84935
476	3,01315	3,85349
477	3,02532	3,85757
478	3,03751	3,86161
479	3,04972	3,8656
480	3,06195	3,86954
481	3,07419	3,87343
482	3,08645	3,87728
483	3,09874	3,88107
484	3,11103	3,88482
485	3,12335	3,88853
486	3,13569	3,89219
487	3,14804	3,8958
488	3,16041	3,89937
489	3,1728	3,90289
490	3,18521	3,90637
491	3,19763	3,9098
492	3,21008	3,9132
493	3,22254	3,91654
494	3,23502	3,91985
495	3,24753	3,92311
496	3,26005	3,92633
497	3,27259	3,92951
498	3,28515	3,93265
499	3,29773	3,93574
500	3,31034	3,93879
501	3,32296	3,94181
502	3,33561	3,94478
503	3,34828	3,94771
504	3,36097	3,9506
505	3,37369	3,95344
506	3,38643	3,95625
507	3,39919	3,95902
508	3,41198	3,96174
509	3,42479	3,96443
510	3,43763	3,96707
511	3,4505	3,96967
512	3,4634	3,97223
513	3,47632	3,97475
514	3,48927	3,97723
515	3,50225	3,97966
516	3,51526	3,98205
517	3,52831	3,9844
518	3,54138	3,98671
519	3,55448	3,98897
520	3,56762	3,99119
521	3,58079	3,99336
522	3,594	3,99549
523	3,60724	3,99757
524	3,62052	3,99961
525	3,63383	4,0016
526	3,64718	4,00354
527	3,66056	4,00543
528	3,67398	4,00727
529	3,68745	4,00906
530	3,70095	4,0108
531	3,71449	4,01249
532	3,72807	4,01412
533	3,74169	4,0157
534	3,75536	4,01722
535	3,76906	4,01869
536	3,78281	4,0201
537	3,7966	4,02145
538	3,81044	4,02274
539	3,82431	4,02396
540	3,83824	4,02513
541	3,8522	4,02623
542	3,86621	4,02726
543	3,88027	4,02823
544	3,89437	4,02913
545	3,90851	4,02995
546	3,9227	4,03071
547	3,93694	4,03139
548	3,95122	4,032
549	3,96555	4,03253
550	3,97992	4,03298
551	3,99433	4,03335
552	4,0088	4,03364
553	4,0233	4,03384
554	4,03785	4,03396
555	4,05244	4,03399
556	4,06708	4,03394
557	4,08176	4,03379
558	4,09648	4,03355
559	4,11125	4,03321
560	4,12605	4,03278
561	4,14089	4,03224
562	4,15578	4,03161
563	4,1707	4,03088
564	4,18566	4,03004
565	4,20065	4,02909
566	4,21568	4,02804
567	4,23074	4,02687
568	4,24584	4,0256
569	4,26097	4,02421
570	4,27612	4,0227
571	4,29131	4,02108
572	4,30652	4,01933
573	4,32176	4,01747
574	4,33702	4,01549
575	4,3523	4,01338
576	4,3676	4,01114
577	4,38292	4,00877
578	4,39825	4,00628
579	4,4136	4,00366
580	4,42896	4,0009
581	4,44432	3,99801
582	4,4597	3,99498
583	4,47508	3,99182
584	4,49046	3,98852
585	4,50584	3,98508
586	4,52121	3,9815
587	4,53658	3,97778
588	4,55195	3,97392
589	4,5673	3,96992
590	4,58264	3,96577
591	4,59796	3,96148
592	4,61326	3,95704
593	4,62854	3,95245
594	4,64379	3,94772
595	4,65902	3,94284
596	4,67421	3,93782
597	4,68937	3,93264
598	4,70449	3,92732
599	4,71958	3,92186
600	4,73462	3,91624
601	4,74961	3,91048
602	4,76455	3,90457
603	4,77944	3,89851
604	4,79428	3,8923
605	4,80905	3,88595
606	4,82377	3,87946
607	4,83841	3,87282
608	4,85299	3,86603
609	4,8675	3,8591
610	4,88194	3,85203
611	4,89629	3,84482
612	4,91057	3,83747
613	4,92476	3,82998
614	4,93887	3,82236
615	4,95288	3,81459
616	4,96681	3,8067
617	4,98064	3,79867
618	4,99437	3,79051
619	5,008	3,78222
620	5,02153	3,7738
621	5,03495	3,76526
622	5,04826	3,7566
623	5,06147	3,74781
624	5,07456	3,7389
625	5,08753	3,72988
626	5,10039	3,72075
627	5,11312	3,7115
628	5,12574	3,70214
629	5,13823	3,69268
630	5,15059	3,68311
631	5,16283	3,67344
632	5,17493	3,66367
633	5,1869	3,65381
634	5,19874	3,64385
635	5,21045	3,6338
636	5,22201	3,62366
637	5,23344	3,61344
638	5,24473	3,60313
639	5,25588	3,59275
640	5,26689	3,58229
641	5,27776	3,57175
642	5,28848	3,56115
643	5,29906	3,55047
644	5,30949	3,53974
645	5,31977	3,52894
646	5,32991	3,51808
647	5,3399	3,50717
648	5,34975	3,4962
649	5,35944	3,48519
650	5,36899	3,47413
651	5,37839	3,46302
652	5,38763	3,45188
653	5,39674	3,4407
654	5,40569	3,42948
655	5,41449	3,41823
656	5,42314	3,40695
657	5,43165	3,39565
658	5,44001	3,38432
659	5,44822	3,37297
660	5,45628	3,36161
661	5,4642	3,35023
662	5,47197	3,33884
663	5,4796	3,32743
664	5,48708	3,31602
665	5,49442	3,30461
666	5,50161	3,2932
667	5,50866	3,28178
668	5,51557	3,27037
669	5,52234	3,25897
670	5,52898	3,24757
671	5,53547	3,23618
672	5,54183	3,22481
673	5,54805	3,21345
674	5,55414	3,20211
675	5,56009	3,19078
676	5,56591	3,17948
677	5,57161	3,1682
678	5,57717	3,15695
679	5,5826	3,14572
680	5,58791	3,13453
681	5,5931	3,12336
682	5,59816	3,11223
683	5,6031	3,10113
684	5,60791	3,09006
685	5,61261	3,07904
686	5,6172	3,06805
687	5,62166	3,05711
688	5,62602	3,0462
689	5,63026	3,03534
690	5,63439	3,02453
691	5,63841	3,01376
692	5,64232	3,00304
693	5,64613	2,99237
694	5,64983	2,98175
695	5,65344	2,97118
696	5,65694	2,96066
697	5,66034	2,95019
698	5,66364	2,93978
699	5,66685	2,92943
700	5,66997	2,91913
701	5,67299	2,90889
702	5,67592	2,89871
703	5,67877	2,88858
704	5,68153	2,87852
705	5,6842	2,86851
706	5,68679	2,85857
707	5,68929	2,84868
708	5,69172	2,83886
709	5,69406	2,82911
710	5,69633	2,81941
711	5,69853	2,80978
712	5,70065	2,80021
713	5,7027	2,79071
714	5,70468	2,78127
715	5,70659	2,7719
716	5,70843	2,76259
717	5,71021	2,75334
718	5,71192	2,74417
719	5,71357	2,73506
720	5,71516	2,72601
721	5,71669	2,71704
722	5,71816	2,70812
723	5,71957	2,69928
724	5,72094	2,6905
725	5,72224	2,68179
726	5,7235	2,67315
727	5,7247	2,66457
728	5,72586	2,65606
729	5,72697	2,64761
730	5,72803	2,63923
731	5,72904	2,63092
732	5,73002	2,62268
733	5,73095	2,6145
734	5,73184	2,60639
735	5,73269	2,59834
736	5,7335	2,59036
737	5,73428	2,58244
738	5,73502	2,57459
739	5,73572	2,5668
740	5,7364	2,55908
741	5,73704	2,55142
742	5,73765	2,54382
743	5,73823	2,53629
744	5,73878	2,52883
745	5,7393	2,52142
746	5,7398	2,51408
747	5,74028	2,5068
748	5,74072	2,49958
749	5,74115	2,49242
750	5,74156	2,48532
751	5,74194	2,47828
752	5,74231	2,47131
753	5,74265	2,46439
754	5,74298	2,45753
755	5,74329	2,45073
756	5,74359	2,44398
757	5,74387	2,4373
758	5,74414	2,43067
759	5,74439	2,42409
760	5,74463	2,41757
761	5,74486	2,41111
762	5,74509	2,4047
763	5,7453	2,39834
764	5,7455	2,39204
765	5,74569	2,38579
766	5,74588	2,37959
767	5,74606	2,37345
768	5,74624	2,36735
769	5,74641	2,3613
770	5,74657	2,35531
771	5,74674	2,34936
772	5,74689	2,34346
773	5,74705	2,3376
774	5,74721	2,3318
775	5,74736	2,32604
776	5,74752	2,32032
777	5,74767	2,31465
778	5,74783	2,30903
779	5,74799	2,30344
780	5,74814	2,2979
781	5,74831	2,29241
782	5,74847	2,28695
783	5,74864	2,28153
784	5,74881	2,27616
785	5,74899	2,27082
786	5,74917	2,26552
787	5,74935	2,26026
788	5,74954	2,25503
789	5,74974	2,24984
790	5,74995	2,24469
791	5,75016	2,23957
792	5,75038	2,23449
793	5,7506	2,22944
794	5,75083	2,22442
795	5,75107	2,21943
796	5,75132	2,21448
797	5,75158	2,20955
798	5,75185	2,20466
799	5,75212	2,19979
800	5,75241	2,19495
801	5,7527	2,19014
802	5,753	2,18536
803	5,75332	2,1806
804	5,75364	2,17587
805	5,75397	2,17117
806	5,75431	2,16648
807	5,75466	2,16182
808	5,75503	2,15719
809	5,7554	2,15257
810	5,75578	2,14798
811	5,75618	2,14341
812	5,75658	2,13886
813	5,757	2,13433
814	5,75742	2,12981
815	5,75786	2,12532
816	5,7583	2,12084
817	5,75876	2,11638
818	5,75922	2,11194
819	5,7597	2,10751
820	5,76019	2,10309
821	5,76068	2,09869
822	5,76119	2,09431
823	5,76171	2,08994
824	5,76223	2,08558
825	5,76277	2,08123
826	5,76331	2,07689
827	5,76387	2,07257
828	5,76443	2,06825
829	5,765	2,06395
830	5,76558	2,05965
831	5,76617	2,05537
832	5,76677	2,05109
833	5,76738	2,04682
834	5,76799	2,04256
835	5,76861	2,0383
836	5,76924	2,03405
837	5,76987	2,02981
838	5,77051	2,02557
839	5,77116	2,02134
840	5,77182	2,01711
841	5,77248	2,01289
842	5,77314	2,00867
843	5,77381	2,00446
844	5,77449	2,00024
845	5,77517	1,99603
846	5,77586	1,99183
847	5,77655	1,98762
848	5,77724	1,98342
849	5,77793	1,97922
850	5,77863	1,97502
851	5,77934	1,97082
852	5,78004	1,96662
853	5,78075	1,96242
854	5,78146	1,95822
855	5,78216	1,95402
856	5,78287	1,94982
857	5,78359	1,94562
858	5,7843	1,94142
859	5,78501	1,93722
860	5,78572	1,93302
861	5,78643	1,92881
862	5,78714	1,92461
863	5,78784	1,9204
864	5,78855	1,91619
865	5,78925	1,91198
866	5,78995	1,90776
867	5,79065	1,90355
868	5,79134	1,89933
869	5,79203	1,89511
870	5,79271	1,89089
871	5,79339	1,88666
872	5,79407	1,88243
873	5,79474	1,8782
874	5,79541	1,87397
875	5,79606	1,86973
876	5,79672	1,8655
877	5,79736	1,86126
878	5,798	1,85701
879	5,79863	1,85276
880	5,79926	1,84851
881	5,79987	1,84426
882	5,80048	1,84001
883	5,80108	1,83575
884	5,80167	1,83149
885	5,80225	1,82723
886	5,80282	1,82296
887	5,80338	1,8187
888	5,80393	1,81443
889	5,80448	1,81016
890	5,80501	1,80589
891	5,80552	1,80161
892	5,80603	1,79733
893	5,80653	1,79306
894	5,80701	1,78878
895	5,80748	1,78449
896	5,80794	1,78021
897	5,80839	1,77593
898	5,80882	1,77164
899	5,80924	1,76736
900	5,80965	1,76307
901	5,81005	1,75879
902	5,81043	1,7545
903	5,81079	1,75021
904	5,81114	1,74593
905	5,81148	1,74164
906	5,81181	1,73735
907	5,81211	1,73307
908	5,81241	1,72878
909	5,81268	1,7245
910	5,81295	1,72022
911	5,8132	1,71594
912	5,81343	1,71166
913	5,81364	1,70738
914	5,81384	1,70311
915	5,81403	1,69883
916	5,8142	1,69456
917	5,81435	1,6903
918	5,81448	1,68603
919	5,8146	1,68177
920	5,8147	1,67751
921	5,81479	1,67326
922	5,81486	1,66901
923	5,81491	1,66476
924	5,81494	1,66052
925	5,81496	1,65628
926	5,81496	1,65205
927	5,81495	1,64782
928	5,81491	1,6436
929	5,81486	1,63938
930	5,81479	1,63517
931	5,81471	1,63097
932	5,81461	1,62677
933	5,81449	1,62258
934	5,81435	1,61839
935	5,81419	1,61421
936	5,81402	1,61004
937	5,81383	1,60588
938	5,81362	1,60172
939	5,8134	1,59757
940	5,81316	1,59343
941	5,8129	1,58929
942	5,81262	1,58517
943	5,81233	1,58105
944	5,81201	1,57695
945	5,81169	1,57285
946	5,81134	1,56876
947	5,81098	1,56468
948	5,81059	1,56061
949	5,8102	1,55655
950	5,80978	1,5525
951	5,80935	1,54846
952	5,8089	1,54443
953	5,80843	1,54041
954	5,80795	1,53641
955	5,80745	1,53241
956	5,80694	1,52843
957	5,8064	1,52445
958	5,80585	1,52049
959	5,80529	1,51654
960	5,8047	1,51261
961	5,80411	1,50868
962	5,80349	1,50477
963	5,80286	1,50087
964	5,80221	1,49698
965	5,80155	1,49311
966	5,80087	1,48925
967	5,80018	1,4854
968	5,79947	1,48157
969	5,79874	1,47775
970	5,798	1,47394
971	5,79724	1,47015
972	5,79647	1,46637
973	5,79569	1,46261
974	5,79488	1,45886
975	5,79407	1,45513
976	5,79324	1,45141
977	5,79239	1,4477
978	5,79153	1,44401
979	5,79066	1,44034
980	5,78977	1,43668
981	5,78887	1,43304
982	5,78795	1,42941
983	5,78702	1,4258
984	5,78608	1,42221
985	5,78512	1,41863
986	5,78415	1,41506
987	5,78317	1,41152
988	5,78217	1,40799
989	5,78116	1,40448
990	5,78014	1,40098
991	5,77911	1,3975
992	5,77806	1,39404
993	5,777	1,39059
994	5,77593	1,38716
995	5,77485	1,38375
996	5,77375	1,38036
997	5,77265	1,37699
998	5,77153	1,37363
999	5,7704	1,37029
1000	5,76926	1,36697
1002,5	5,76636	1,35874
1005	5,76339	1,35063
1007,5	5,76036	1,34264
1010	5,75727	1,33476
1012,5	5,75412	1,327
1015	5,75091	1,31936
1017,5	5,74765	1,31185
1020	5,74434	1,30446
1022,5	5,74098	1,29719
1025	5,73758	1,29005
1027,5	5,73413	1,28303
1030	5,73065	1,27614
1032,5	5,72713	1,26938
1035	5,72357	1,26275
1037,5	5,71999	1,25626
1040	5,71637	1,24989
1042,5	5,71274	1,24366
1045	5,70908	1,23756
1047,5	5,70541	1,2316
1050	5,70172	1,22577
1052,5	5,69803	1,22008
1055	5,69432	1,21452
1057,5	5,69062	1,20911
1060	5,68691	1,20383
1062,5	5,68321	1,19869
1065	5,67953	1,19369
1067,5	5,67585	1,18883
1070	5,67219	1,18411
1072,5	5,66856	1,17953
1075	5,66495	1,17508
1077,5	5,66138	1,17078
1080	5,65784	1,16662
1082,5	5,65435	1,16259
1085	5,6509	1,15871
1087,5	5,64751	1,15496
1090	5,64417	1,15134
1092,5	5,6409	1,14786
1095	5,6377	1,14451
1097,5	5,63458	1,14129
1100	5,63153	1,1382
1102,5	5,62858	1,13523
1105	5,62573	1,13239
1107,5	5,62297	1,12966
1110	5,62032	1,12704
1112,5	5,61779	1,12454
1115	5,61537	1,12213
1117,5	5,61308	1,11983
1120	5,61093	1,11761
1122,5	5,60891	1,11548
1125	5,60704	1,11343
1127,5	5,60532	1,11145
1130	5,60375	1,10952
1132,5	5,60234	1,10765
1135	5,60109	1,10582
1137,5	5,60001	1,10402
1140	5,5991	1,10223
1142,5	5,59836	1,10046
1145	5,59779	1,09869
1147,5	5,5974	1,09689
1150	5,59717	1,09507
1152,5	5,59712	1,09321
1155	5,59723	1,0913
1157,5	5,59751	1,08932
1160	5,59795	1,08726
1162,5	5,59854	1,0851
1165	5,59928	1,08285
1167,5	5,60015	1,08048
1170	5,60115	1,07798
1172,5	5,60227	1,07534
1175	5,6035	1,07256
1177,5	5,60482	1,06963
1180	5,60622	1,06653
1182,5	5,60769	1,06326
1185	5,60922	1,05982
1187,5	5,61078	1,0562
1190	5,61236	1,0524
1192,5	5,61395	1,04842
1195	5,61554	1,04426
1197,5	5,6171	1,03992
1200	5,61863	1,0354
1202,5	5,6201	1,03071
1205	5,62151	1,02586
1207,5	5,62285	1,02084
1210	5,6241	1,01568
1212,5	5,62524	1,01037
1215	5,62628	1,00492
1217,5	5,6272	0,99935
1220	5,62799	0,99366
1222,5	5,62865	0,98788
1225	5,62917	0,98199
1227,5	5,62954	0,97603
1230	5,62976	0,96999
1232,5	5,62984	0,9639
1235	5,62976	0,95776
1237,5	5,62952	0,95158
1240	5,62914	0,94537
1242,5	5,62859	0,93914
1245	5,6279	0,93291
1247,5	5,62706	0,92668
1250	5,62607	0,92046
1252,5	5,62493	0,91426
1255	5,62366	0,90809
1257,5	5,62224	0,90195
1260	5,6207	0,89585
1262,5	5,61903	0,88979
1265	5,61723	0,88379
1267,5	5,61532	0,87785
1270	5,61329	0,87197
1272,5	5,61115	0,86615
1275	5,60891	0,8604
1277,5	5,60658	0,85473
1280	5,60415	0,84913
1282,5	5,60163	0,84361
1285	5,59902	0,83816
1287,5	5,59634	0,8328
1290	5,59359	0,82753
1292,5	5,59076	0,82234
1295	5,58787	0,81723
1297,5	5,58492	0,81221
1300	5,58191	0,80727
1302,5	5,57884	0,80242
1305	5,57573	0,79766
1307,5	5,57257	0,79298
1310	5,56937	0,78839
1312,5	5,56614	0,78388
1315	5,56286	0,77946
1317,5	5,55955	0,77513
1320	5,55622	0,77087
1322,5	5,55285	0,7667
1325	5,54946	0,76262
1327,5	5,54605	0,75861
1330	5,54262	0,75469
1332,5	5,53917	0,75084
1335	5,5357	0,74708
1337,5	5,53222	0,74339
1340	5,52873	0,73977
1342,5	5,52523	0,73624
1345	5,52172	0,73278
1347,5	5,5182	0,72939
1350	5,51468	0,72607
1352,5	5,51116	0,72283
1355	5,50763	0,71966
1357,5	5,5041	0,71656
1360	5,50057	0,71352
1362,5	5,49704	0,71055
1365	5,49352	0,70766
1367,5	5,48999	0,70482
1370	5,48647	0,70205
1372,5	5,48296	0,69935
1375	5,47945	0,69671
1377,5	5,47595	0,69413
1380	5,47246	0,69161
1382,5	5,46897	0,68916
1385	5,4655	0,68676
1387,5	5,46203	0,68443
1390	5,45858	0,68215
1392,5	5,45513	0,67993
1395	5,4517	0,67777
1397,5	5,44828	0,67566
1400	5,44487	0,67361
1402,5	5,44148	0,67162
1405	5,4381	0,66968
1407,5	5,43473	0,66779
1410	5,43139	0,66596
1412,5	5,42805	0,66418
1415	5,42474	0,66245
1417,5	5,42144	0,66078
1420	5,41815	0,65916
1422,5	5,41489	0,65758
1425	5,41164	0,65606
1427,5	5,40842	0,65459
1430	5,40521	0,65317
1432,5	5,40202	0,6518
1435	5,39886	0,65047
1437,5	5,39571	0,6492
1440	5,39259	0,64797
1442,5	5,38949	0,64679
1445	5,38641	0,64566
1447,5	5,38335	0,64457
1450	5,38032	0,64354
1452,5	5,37732	0,64254
1455	5,37434	0,6416
1457,5	5,37138	0,64069
1460	5,36845	0,63984
1462,5	5,36555	0,63902
1465	5,36268	0,63825
1467,5	5,35983	0,63753
1470	5,35702	0,63685
1472,5	5,35423	0,63621
1475	5,35148	0,63561
1477,5	5,34875	0,63506
1480	5,34606	0,63454
1482,5	5,3434	0,63407
1485	5,34078	0,63364
1487,5	5,33818	0,63325
1490	5,33563	0,6329
1492,5	5,33311	0,63259
1495	5,33063	0,63231
1497,5	5,32818	0,63207
1500	5,32577	0,63188
1502,5	5,3234	0,63171
1505	5,32108	0,63159
1507,5	5,31879	0,6315
1510	5,31654	0,63144
1512,5	5,31434	0,63142
1515	5,31218	0,63143
1517,5	5,31007	0,63147
1520	5,308	0,63154
1522,5	5,30598	0,63165
1525	5,304	0,63178
1527,5	5,30208	0,63194
1530	5,3002	0,63213
1532,5	5,29837	0,63234
1535	5,29659	0,63258
1537,5	5,29487	0,63285
1540	5,29319	0,63313
1542,5	5,29157	0,63344
1545	5,29	0,63376
1547,5	5,28849	0,63411
1550	5,28703	0,63447
1552,5	5,28563	0,63485
1555	5,28429	0,63524
1557,5	5,283	0,63565
1560	5,28177	0,63606
1562,5	5,2806	0,63649
1565	5,27949	0,63692
1567,5	5,27844	0,63735
1570	5,27745	0,63779
1572,5	5,27651	0,63824
1575	5,27564	0,63868
1577,5	5,27483	0,63912
1580	5,27408	0,63955
1582,5	5,27339	0,63998
1585	5,27275	0,6404
1587,5	5,27218	0,64081
1590	5,27167	0,64121
1592,5	5,27122	0,6416
1595	5,27083	0,64196
1597,5	5,27049	0,64231
1600	5,27022	0,64264
1602,5	5,27	0,64295
1605	5,26984	0,64323
1607,5	5,26973	0,64348
1610	5,26968	0,6437
1612,5	5,26968	0,6439
1615	5,26973	0,64406
1617,5	5,26984	0,64418
1620	5,26999	0,64427
1622,5	5,27019	0,64431
1625	5,27044	0,64432
1627,5	5,27073	0,64429
1630	5,27107	0,64421
1632,5	5,27145	0,64408
1635	5,27187	0,64391
1637,5	5,27232	0,64368
1640	5,27281	0,64341
1642,5	5,27333	0,64309
1645	5,27389	0,64271
1647,5	5,27447	0,64228
1650	5,27508	0,64179
1652,5	5,27571	0,64125
1655	5,27637	0,64066
1657,5	5,27704	0,64
1660	5,27773	0,63929
1662,5	5,27844	0,63852
1665	5,27915	0,6377
1667,5	5,27988	0,63681
1670	5,28061	0,63587
1672,5	5,28135	0,63487
1675	5,28209	0,63381
1677,5	5,28283	0,63269
1680	5,28357	0,63152
1682,5	5,2843	0,63029
1685	5,28503	0,629
1687,5	5,28574	0,62766
1690	5,28645	0,62626