Wavelength(nm)	n	k
3507,77935	5,07207	0,05631
3417,86108	5,07702	0,05859
3332,43752	5,08216	0,06096
3251,17986	5,08746	0,06344
3173,79063	5,09294	0,06604
3100		5,09861	0,06878
3029,56267	5,10447	0,07166
2962,25514	5,11051	0,07472
2897,87333	5,11673	0,07795
2836,23056	5,12315	0,08139
2777,15566	5,12975	0,08504
2719,89471	5,13653	0,08896
2665,52021	5,14347	0,09316
2613,27713	5,15058	0,09767
2563,04258	5,15782	0,10254
2514,7029	5,16517	0,1078
2468,15287	5,17261	0,1135
2423,2949	5,18007	0,11967
2380,03839	5,18749	0,12635
2338,29908	5,19479	0,1336
2297,99852	5,20188	0,14141
2259,06358	5,20864	0,1498
2221,42601	5,21492	0,15876
2185,02203	5,22057	0,1682
2149,79196	5,22548	0,17803
2115,67992	5,22948	0,18809
2082,63352	5,23251	0,19816
2050,60361	5,23454	0,20802
2019,54397	5,23562	0,21742
1989,4112	5,23586	0,22616
1960,1644	5,23542	0,23405
1931,76507	5,23447	0,24099
1904,1769	5,23318	0,24689
1877,36563	5,23172	0,25168
1851,2989	5,23027	0,25528
1825,94611	5,22904	0,25766
1801,27833	5,22829	0,25877
1777,26817	5,22833	0,25868
1753,88967	5,22945	0,25752
1731,11825	5,23191	0,25555
1708,93054	5,23589	0,25309
1687,3044	5,24145	0,2505
1666,21876	5,24854	0,24814
1645,65362	5,25704	0,24627
1625,37685	5,26674	0,24515
1605,80161	5,27744	0,24494
1586,69226	5,28892	0,24574
1568,03237	5,30093	0,24759
1549,80627	5,31329	0,25049
1531,99901	5,3258	0,25441
1514,59631	5,3383	0,25928
1497,58454	5,35064	0,265
1480,95067	5,36271	0,27145
1464,68226	5,37445	0,2785
1448,76738	5,38582	0,28602
1433,19464	5,3968	0,29388
1417,95312	5,40744	0,30196
1403,03236	5,4178	0,3102
1388,42235	5,42791	0,31851
1374,11348	5,43785	0,32687
1360,09652	5,44766	0,33524
1346,36265	5,45739	0,34359
1332,90336	5,46711	0,35189
1319,71052	5,47693	0,36011
1306,77627	5,48695	0,36831
1294,09309	5,49729	0,37657
1281,65375	5,50799	0,38502
1269,45127	5,51904	0,39385
1257,47896	5,53036	0,40318
1245,73036	5,54178	0,41313
1234,19926	5,55316	0,4237
1222,87968	5,56431	0,43485
1211,76586	5,57514	0,44646
1200,85222	5,5856	0,4584
1190,13341	5,5957	0,47054
1179,60426	5,60552	0,4828
1169,14954	5,61516	0,49517
1158,98682	5,62465	0,50768
1148,99926	5,63405	0,52041
1139,18236	5,64332	0,53343
1129,53179	5,6524	0,54683
1120,04336	5,66116	0,5607
1110,71301	5,66942	0,57504
1101,53682	5,67697	0,58984
1092,51101	5,68355	0,60496
1083,63191	5,68892	0,62015
1074,89598	5,69292	0,63508
1066,29977	5,69549	0,64927
1057,83996	5,69672	0,66224
1049,51333	5,69692	0,67351
1041,31676	5,69651	0,68271
1033,24723	5,69601	0,68956
1025,3018	5,69604	0,69398
1017,47764	5,69722	0,69603
1009,77199	5,70014	0,69592
1002,18217	5,70534	0,694
994,7056	5,71326	0,69074
987,33976	5,72421	0,68674
980,0822	5,73838	0,68264
972,93056	5,75574	0,6791
965,88254	5,77615	0,67677
958,93589	5,79929	0,67615
952,08845	5,82478	0,67772
945,33811	5,85217	0,68176
938,68282	5,881	0,68848
932,12057	5,91082	0,69802
925,64945	5,94119	0,7104
919,26755	5,97169	0,72564
912,97305	6,00188	0,74364
906,69786	6,03136	0,76426
900,57375	6,05973	0,78726
894,53181	6,08667	0,81232
888,5704	6,11192	0,839
882,68793	6,13536	0,86684
876,88282	6,15707	0,8953
871,15358	6,17724	0,92399
865,49871	6,19626	0,95255
859,91678	6,21456	0,98087
854,40639	6,2326	1,00899
848,96618	6,25073	1,03714
843,5948	6,26919	1,06573
838,29097	6,28802	1,09518
833,05341	6,30707	1,12596
827,88089	6,32596	1,15843
822,77221	6,34416	1,1928
817,72619	6,36107	1,22902
812,74169	6,37609	1,2668
807,81759	6,38879	1,30558
802,95279	6,399	1,34468
798,14624	6,40681	1,38336
793,39689	6,41263	1,42101
788,70373	6,41702	1,45726
784,06576	6,42063	1,49197
779,48202	6,42403	1,52527
774,95157	6,42766	1,55743
770,47347	6,4318	1,58882
766,04683	6,43659	1,6198
761,67076	6,44207	1,65074
757,34441	6,44814	1,68194
753,06693	6,45465	1,71369
748,83749	6,46137	1,74617
744,6553	6,468	1,77946
740,47534	6,47425	1,8135
736,38577	6,47993	1,84808
732,34113	6,48496	1,88296
728,34068	6,48945	1,91784
724,38369	6,49363	1,95257
720,46947	6,49784	1,98717
716,59732	6,50236	2,02181
712,76657	6,50736	2,05688
708,97656	6,51279	2,09278
705,22664	6,51837	2,1299
701,51618	6,52367	2,16844
697,84456	6,52819	2,20838
694,21117	6,53146	2,24947
690,61543	6,5332	2,29127
687,05674	6,53334	2,33324
683,53454	6,53203	2,37487
680,04826	6,52965	2,41576
676,59737	6,52671	2,45566
673,18132	6,52381	2,49455
669,7996	6,5215	2,53262
666,45168	6,52031	2,57027
663,13707	6,52062	2,60808
659,85526	6,5226	2,64677
656,60577	6,52622	2,68715
653,38813	6,53118	2,73
650,20188	6,53693	2,77606
647,04655	6,54271	2,82591
643,92169	6,54757	2,87996
640,82687	6,55041	2,93833
637,76166	6,55007	3,00088
634,72563	6,54538	3,06715
631,71838	6,53528	3,13632
628,7076	6,5189	3,20726
625,75696	6,49569	3,27858
622,83389	6,4655	3,34874
619,93801	6,4286	3,41619
617,06892	6,38568	3,47948
614,22627	6,33777	3,53739
611,40969	6,28618	3,58903
608,61883	6,23237	3,63379
605,85332	6,17792	3,67148
603,11284	6,12443	3,70225
600,39704	6,07339	3,72665
597,70558	6,02619	3,74557
595,03815	5,98391	3,76027
592,39442	5,94729	3,77224
589,77408	5,91662	3,78314
587,17682	5,89173	3,79457
584,60233	5,87201	3,80802
582,05032	5,85653	3,82464
579,52049	5,84416	3,84527
577,01256	5,83371	3,87041
574,52625	5,824	3,90024
572,06127	5,81393	3,93475
569,61735	5,80246	3,97371
567,19422	5,78862	4,01675
564,79162	5,77156	4,06329
562,40929	5,75056	4,1126
560,04697	5,72505	4,1638
557,70442	5,69474	4,21592
555,38138	5,65955	4,26797
553,07761	5,61964	4,31901
550,79288	5,57536	4,36821
548,52694	5,52718	4,41487
546,27957	5,47572	4,45841
544,02667	5,42163	4,49841
541,81596	5,36564	4,5346
539,62313	5,30852	4,56683
537,44799	5,25106	4,5952
535,29031	5,19403	4,61996
533,14988	5,13806	4,64162
531,02651	5,0836	4,66086
528,91998	5,03083	4,67843
526,8301	4,97965	4,69509
524,75667	4,92968	4,71147
522,69949	4,88036	4,72798
520,65838	4,83105	4,74476
518,63315	4,78111	4,76166
516,62361	4,73004	4,77832
514,62959	4,67756	4,79419
512,6509	4,62358	4,80867
510,68737	4,5683	4,82119
508,73882	4,51206	4,83124
506,80508	4,45539	4,83851
504,88599	4,39887	4,84285
502,98138	4,34312	4,84431
501,09109	4,28866	4,84314
499,21494	4,23593	4,83974
497,3528	4,18521	4,83456
495,5045	4,13659	4,82813
493,66988	4,09002	4,8209
491,8488	4,04535	4,81325
490,0411	4,00235	4,80543
488,24664	3,96079	4,79761
486,46528	3,92052	4,78986
484,69687	3,88142	4,78226
482,94127	3,84341	4,7749
481,17967	3,80641	4,76791
479,44941	3,77029	4,76146
477,73155	3,73488	4,75577
476,02595	3,69987	4,75097
474,33249	3,66491	4,74718
472,65104	3,62958	4,74439
470,98146	3,59341	4,74248
469,32364	3,55595	4,74118
467,67745	3,5168	4,74004
466,04277	3,47567	4,73846
464,41948	3,43251	4,7357
462,80745	3,38754	4,731
461,20658	3,34121	4,72374
459,61674	3,29424	4,71346
458,03783	3,24738	4,70004
456,46972	3,20133	4,6836
454,91232	3,15664	4,66449
453,36551	3,11361	4,6431
451,82918	3,07238	4,61981
450,30323	3,03295	4,59489
448,78755	2,99529	4,56844
447,28204	2,95945	4,54049
445,7866	2,92556	4,51098
444,30112	2,89392	4,47992
442,82551	2,86485	4,4474
441,35967	2,83876	4,41365
439,90351	2,81603	4,37904
438,45691	2,79688	4,34407
437,01981	2,78151	4,30931
435,59209	2,76993	4,27537
434,17367	2,76202	4,24289
432,76446	2,75751	4,21246
431,36436	2,75605	4,18459
429,95839	2,75717	4,15974
428,57637	2,7603	4,13827
427,2032	2,76482	4,12037
425,8388	2,77015	4,10615
424,48309	2,77564	4,09556
423,13598	2,78071	4,08845
421,7974	2,78487	4,08457
420,46726	2,78769	4,0836
419,14548	2,78883	4,08517
417,83199	2,78806	4,08888
416,5267	2,78519	4,09437
415,22955	2,7801	4,10126
413,94045	2,77273	4,10918
412,65932	2,76305	4,1178
411,38611	2,75107	4,12678
410,12072	2,73679	4,13579
408,8631	2,72031	4,14449
407,61316	2,70171	4,15255
406,37085	2,68118	4,15961
405,13608	2,65897	4,16535
403,90879	2,63541	4,16952
402,68892	2,61092	4,17192
401,4764	2,58593	4,17248
400,27115	2,5609	4,17127
399,07312	2,53622	4,16847
397,88224	2,51224	4,16433
396,69845	2,48919	4,15925
395,52167	2,46716	4,15361
394,35186	2,4461	4,14784
393,18895	2,42585	4,14229
392,03288	2,4061	4,13722
390,88359	2,38649	4,13278
389,72876	2,36665	4,12891
388,59292	2,34623	4,12549
387,46368	2,325	4,12221
386,34098	2,30284	4,11871
385,22477	2,2798	4,11462
384,11499	2,25605	4,10963
383,01158	2,2319	4,10351
381,9145	2,20768	4,09618
380,82368	2,18375	4,08769
379,73908	2,16036	4,07822
378,66064	2,13769	4,06801
377,58831	2,11581	4,05734
376,52203	2,09464	4,04645
375,46176	2,07409	4,03551
374,40744	2,05397	4,02464
373,35903	2,03413	4,01387
372,31647	2,01439	4,0032
371,27972	1,99462	3,99249
370,24872	1,97474	3,98163
369,22344	1,95473	3,97044
368,20382	1,93466	3,95875
367,18981	1,9147	3,94644
366,18138	1,89503	3,93348
365,17847	1,87582	3,91992
364,18103	1,85723	3,90589
363,18903	1,8393	3,8916
362,20242	1,822	3,87716
361,22116	1,80522	3,86271
360,2452	1,78885	3,84826
359,2745	1,77279	3,83377
358,30901	1,75698	3,81913
357,3487	1,74149	3,80426
356,39353	1,72641	3,78909
355,43326	1,71184	3,77359
354,48828	1,69796	3,75784
353,54831	1,68488	3,74193
352,61332	1,67268	3,72605
351,68326	1,66139	3,71038
350,75809	1,65095	3,69517
349,83778	1,64124	3,68058
348,92228	1,63203	3,66679
348,01156	1,62309	3,65384
347,10559	1,61416	3,64172
346,20432	1,60498	3,63029
345,30771	1,59543	3,61934
344,41574	1,58544	3,60863
343,52837	1,57504	3,59794
342,64556	1,56438	3,58711
341,76727	1,55361	3,57603
340,89347	1,5429	3,56471
340,02413	1,53241	3,55321
339,15921	1,52221	3,54163
338,29869	1,51236	3,53012
337,44251	1,50279	3,51878
336,59066	1,49346	3,50772
335,7431	1,48425	3,497
334,8998	1,47507	3,48659
334,06072	1,4658	3,4765
333,22584	1,4564	3,46666
332,39512	1,44684	3,45703
331,56853	1,43704	3,44755
330,74605	1,42698	3,43816
329,92763	1,41662	3,42882
329,11325	1,40596	3,41942
328,30289	1,39499	3,40988
327,48785	1,38375	3,40008
326,68546	1,37229	3,38998
325,88699	1,3607	3,3795
325,09242	1,34906	3,36861
324,30171	1,33744	3,35728
323,51483	1,32593	3,34549
322,73177	1,31464	3,33327
321,95249	1,30365	3,32063
321,17696	1,29308	3,30765
320,40516	1,28298	3,2944
319,63706	1,27338	3,28099
318,87263	1,26432	3,26749
318,11185	1,25577	3,25402
317,3547	1,24774	3,24067
316,60113	1,24019	3,22753
315,85114	1,23306	3,21468
315,1047	1,22628	3,2022
314,36177	1,21975	3,19017
313,62234	1,21333	3,17864
312,88638	1,20688	3,16759
312,15386	1,20022	3,15701
311,42477	1,19321	3,14677
310,69907	1,18573	3,13673
309,97675	1,17772	3,12663
309,25778	1,16922	3,11631
308,54214	1,16032	3,10552
307,8298	1,15123	3,09411
307,12074	1,14215	3,08203
306,41495	1,13335	3,06926
305,71238	1,125	3,05592
305,01304	1,1173	3,04216
304,31688	1,1103	3,02818
303,6239	1,10404	3,01417
302,92666	1,09844	3,0003
302,23999	1,09342	2,98672
301,55642	1,08885	2,97346
300,87594	1,08459	2,9606
300,19852	1,08059	2,94806