450	1.84112664	3.64345485
452	1.85551768	3.65181929
454	1.86977179	3.66008687
456	1.88388729	3.66826494
458	1.89786288	3.6763609
460	1.9116976	3.68438219
462	1.92539085	3.69233625
464	1.9389424	3.70023052
466	1.95235236	3.70807241
468	1.96562118	3.71586926
470	1.97874967	3.72362838
472	1.99173896	3.73135696
474	2.00459051	3.7390621
476	2.01730612	3.74675078
478	2.02988786	3.75442986
480	2.04233814	3.76210603
482	2.05465961	3.76978581
484	2.06685525	3.77747557
486	2.07892826	3.78518146
488	2.0908821	3.79290945
490	2.10272047	3.8006653
492	2.11444729	3.80845454
494	2.1260667	3.81628247
496	2.137583	3.82415416
498	2.1490007	3.83207446
500	2.16032447	3.84004793
502	2.1715591	3.84807891
504	2.18270956	3.85617149
506	2.19378091	3.86432949
508	2.20477832	3.87255647
510	2.21570705	3.88085575
512	2.22657247	3.88923037
514	2.23737997	3.89768315
516	2.24813501	3.9062166
518	2.25884312	3.91483303
520	2.26950981	3.92353447
522	2.28014064	3.93232271
524	2.29074116	3.9411993
526	2.30131693	3.95016555
528	2.31187348	3.95922255
530	2.32241633	3.96837113
532	2.33295095	3.97761192
534	2.34348279	3.98694534
536	2.35401723	3.99637158
538	2.36455959	4.00589064
540	2.37511516	4.01550232
542	2.38568912	4.02520621
544	2.39628661	4.03500175
546	2.40691264	4.04488817
548	2.41757219	4.05486453
550	2.42827011	4.06492976
552	2.43901117	4.0750826
554	2.44980004	4.08532164
556	2.46064128	4.09564534
558	2.47153936	4.10605201
560	2.48249863	4.11653985
562	2.49352334	4.1271069
564	2.50461762	4.13775111
566	2.51578549	4.1484703
568	2.52703087	4.15926221
570	2.53835756	4.17012445
572	2.54976922	4.18105454
574	2.56126942	4.19204993
576	2.57286161	4.20310797
578	2.58454913	4.21422592
580	2.5963352	4.225401
582	2.6082229	4.23663032
584	2.62021523	4.24791096
586	2.63231507	4.25923992
588	2.64452517	4.27061415
590	2.65684819	4.28203054
592	2.66928664	4.29348595
594	2.68184297	4.30497717
596	2.69451949	4.31650097
598	2.7073184	4.32805408
600	2.7202418	4.33963318
602	2.73329169	4.35123493
604	2.74646995	4.36285596
606	2.75977838	4.37449288
608	2.77321865	4.38614227
610	2.78679236	4.39780069
612	2.80050097	4.40946468
614	2.81434588	4.42113077
616	2.82832838	4.43279547
618	2.84244965	4.44445528
620	2.8567108	4.45610669
622	2.87111282	4.46774618
624	2.88565664	4.47937023
626	2.90034307	4.49097531
628	2.91517283	4.50255789
630	2.93014659	4.51411444
632	2.94526488	4.52564141
634	2.96052818	4.53713529
636	2.97593686	4.54859253
638	2.99149124	4.56000962
640	3.00719151	4.57138303
642	3.02303781	4.58270926
644	3.03903019	4.59398479
646	3.05516861	4.60520613
648	3.07145295	4.61636979
650	3.08788304	4.62747229
652	3.10445858	4.63851018
654	3.12117924	4.64948
656	3.13804458	4.66037832
658	3.15505408	4.67120172
660	3.17220718	4.6819468
662	3.18950321	4.69261016
664	3.20694143	4.70318846
666	3.22452103	4.71367833
668	3.24224113	4.72407646
670	3.26010076	4.73437955
672	3.2780989	4.74458431
674	3.29623444	4.7546875
676	3.3145062	4.76468588
678	3.33291293	4.77457626
680	3.35145331	4.78435547
682	3.37012594	4.79402035
684	3.38892936	4.8035678
686	3.40786204	4.81299475
688	3.42692236	4.82229814
690	3.44610867	4.83147496
692	3.4654192	4.84052224
694	3.48485217	4.84943704
696	3.50440569	4.85821647
698	3.52407781	4.86685765
700	3.54386652	4.87535778
702	3.56376976	4.88371408
704	3.58378537	4.89192382
706	3.60391116	4.89998432
708	3.62414486	4.90789294
710	3.64448414	4.9156471
712	3.6649266	4.92324425
714	3.6854698	4.93068191
716	3.70611121	4.93795765
718	3.72684828	4.94506909
720	3.74767838	4.95201392
722	3.76859881	4.95878986
724	3.78960685	4.96539471
726	3.81069969	4.97182634
728	3.83187449	4.97808265
730	3.85312835	4.98416164
732	3.87445832	4.99006135
734	3.89586141	4.9957799
736	3.91733457	5.00131546
738	3.93887471	5.00666629
740	3.96047871	5.01183072
742	3.98214337	5.01680713
744	4.00386548	5.021594
746	4.0256418	5.02618986
748	4.04746902	5.03059334
750	4.06934382	5.03480313
752	4.09126283	5.038818
754	4.11322266	5.0426368
756	4.1352199	5.04625847
758	4.15725108	5.04968202
760	4.17931274	5.05290653
762	4.20140138	5.0559312
764	4.22351348	5.05875528
766	4.24564551	5.0613781
768	4.26779391	5.06379911
770	4.28995511	5.06601782
772	4.31212554	5.06803383
774	4.33430161	5.06984681
776	4.35647972	5.07145656
778	4.37865629	5.07286291
780	4.4008277	5.07406584
782	4.42299036	5.07506535
784	4.44514067	5.07586158
786	4.46727504	5.07645474
788	4.4893899	5.07684511
790	4.51148165	5.07703307
792	4.53354676	5.0770191
794	4.55558167	5.07680375
796	4.57758285	5.07638765
798	4.59954681	5.07577152
800	4.62147006	5.07495618
802	4.64334914	5.07394251
804	4.66518063	5.07273147
806	4.68696112	5.07132413
808	4.70868724	5.06972162
810	4.73035567	5.06792515
812	4.75196311	5.06593601
814	4.7735063	5.06375556
816	4.79498202	5.06138526
818	4.81638711	5.0588266
820	4.83771843	5.05608119
822	4.85897291	5.05315069
824	4.88014752	5.05003682
826	4.90123928	5.04674138
828	4.92224526	5.04326623
830	4.94316258	5.0396133
832	4.96398845	5.03578458
834	4.9847201	5.03178211
836	5.00535482	5.02760802
838	5.02589	5.02326445
840	5.04632304	5.01875363
842	5.06665145	5.01407782
844	5.08687278	5.00923936
846	5.10698464	5.0042406
848	5.12698473	4.99908396
850	5.14687079	4.9937719
852	5.16664067	4.98830692
854	5.18629224	4.98269155
856	5.20582348	4.97692837
858	5.22523242	4.97101999
860	5.24451717	4.96496905
862	5.26367591	4.95877821
864	5.28270689	4.95245018
866	5.30160843	4.94598769
868	5.32037893	4.93939347
870	5.33901687	4.9326703
872	5.35752079	4.92582096
874	5.3758893	4.91884825
876	5.39412109	4.91175499
878	5.41221494	4.90454401
880	5.43016967	4.89721814
882	5.44798418	4.88978023
884	5.46565748	4.88223313
886	5.48318859	4.8745797
888	5.50057665	4.86682278
890	5.51782085	4.85896524
892	5.53492044	4.85100993
894	5.55187477	4.84295968
896	5.56868323	4.83481735
898	5.58534529	4.82658577
900	5.60186048	4.81826775
902	5.61822841	4.80986611
904	5.63444872	4.80138365
906	5.65052116	4.79282315
908	5.66644551	4.78418736
910	5.68222163	4.77547905
912	5.69784942	4.76670094
914	5.71332886	4.75785572
916	5.72865998	4.7489461
918	5.74384286	4.73997472
920	5.75887764	4.73094423
922	5.77376452	4.72185722
924	5.78850376	4.71271629
926	5.80309564	4.70352398
928	5.81754052	4.69428282
930	5.83183881	4.68499531
932	5.84599094	4.67566389
934	5.85999742	4.66629101
936	5.87385877	4.65687905
938	5.8875756	4.64743038
940	5.90114851	4.63794733
942	5.91457817	4.6284322
944	5.9278653	4.61888723
946	5.94101062	4.60931465
948	5.95401493	4.59971664
950	5.96687904	4.59009535
955	5.99843157	4.56595401
960	6.02912735	4.54171214
965	6.05898165	4.51740014
970	6.08801077	4.49304686
975	6.11623187	4.46867963
980	6.14366291	4.44432425
985	6.17032251	4.42000499
990	6.19622982	4.39574459
995	6.22140447	4.37156434
1000	6.24586643	4.34748404
1005	6.26963591	4.32352208
1010	6.29273335	4.29969547
1015	6.31517924	4.27601987
1020	6.33699412	4.25250962
1025	6.3581985	4.22917784
1030	6.37881277	4.20603642
1035	6.39885719	4.18309611
1040	6.41835178	4.16036654
1045	6.43731635	4.1378563
1050	6.4557704	4.11557297
1055	6.47373311	4.09352318
1060	6.4912233	4.07171266
1065	6.50825944	4.0501463
1070	6.52485955	4.02882818
1075	6.54104126	4.00776162
1080	6.55682176	3.98694926
1085	6.57221778	3.96639304
1090	6.5872456	3.94609433
1095	6.60192101	3.92605389
1100	6.61625936	3.90627195
1105	6.63027549	3.88674827
1110	6.6439838	3.86748212
1115	6.65739819	3.84847238
1120	6.67053208	3.8297175
1125	6.68339845	3.81121563
1130	6.6960098	3.79296454
1135	6.70837816	3.77496175
1140	6.72051512	3.75720447
1145	6.73243184	3.73968971
1150	6.74413902	3.72241422
1155	6.75564694	3.70537458
1160	6.76696549	3.68856719
1165	6.77810411	3.6719883
1170	6.78907188	3.65563401
1175	6.79987747	3.63950032
1180	6.8105292	3.62358311
1185	6.821035	3.60787821
1190	6.83140245	3.59238133
1195	6.84163882	3.57708816
1200	6.851751	3.56199432
1210	6.87162888	3.532387
1220	6.89108516	3.5035239
1230	6.91016429	3.47536944
1240	6.92890641	3.44788821
1250	6.94734767	3.42104515
1260	6.96552049	3.39480575
1270	6.98345392	3.36913618
1280	7.00117383	3.3440034
1290	7.0187032	3.31937529
1300	7.03606236	3.29522064
1310	7.05326918	3.27150931
1320	7.07033931	3.24821219
1330	7.08728633	3.22530125
1340	7.10412198	3.20274956
1350	7.12085627	3.1805313
1360	7.13749768	3.15862172
1370	7.15405326	3.13699721
1380	7.17052878	3.11563519
1390	7.18692884	3.09451417
1400	7.203257	3.07361368
1410	7.21951585	3.05291428
1420	7.23570713	3.03239751
1430	7.2518318	3.01204585
1440	7.26789012	2.99184275
1450	7.28388172	2.97177253
1460	7.29980568	2.95182038
1470	7.31566057	2.93197234
1480	7.33144451	2.91221526
1490	7.34715524	2.89253676
1500	7.36279012	2.87292521