300	1.49363048	0
301	1.49334577	0
302	1.49306531	0
303	1.4927875	0
304	1.4925126	0
305	1.4922407	0
306	1.49197227	0
307	1.49170668	0
308	1.49144357	0
309	1.49118368	0
310	1.49092698	0
311	1.49067272	0
312	1.49042154	0
313	1.49017259	0
314	1.48992742	0
315	1.48968369	0
316	1.48944328	0
317	1.48920521	0
318	1.48896908	0
319	1.48873661	0
320	1.4885056	0
321	1.48827743	0
322	1.48805157	0
323	1.4878285	0
324	1.48760731	0
325	1.48738826	0
326	1.48717188	0
327	1.48695703	0
328	1.48674501	0
329	1.48653475	0
330	1.486327	0
331	1.48612114	0
332	1.48591755	0
333	1.48571577	0
334	1.48551622	0
335	1.4853186	0
336	1.48512248	0
337	1.48492857	0
338	1.48473629	0
339	1.48454693	0
340	1.48435868	0
341	1.48417187	0
342	1.48398728	0
343	1.48380444	0
344	1.48362317	0
345	1.48344399	0
346	1.48326636	0
347	1.48309042	0
348	1.4829165	0
349	1.48274391	0
350	1.4825724	0
351	1.48240327	0
352	1.48223496	0
353	1.48206872	0
354	1.48190395	0
355	1.48174085	0
356	1.48157898	0
357	1.48141872	0
358	1.48125962	0
359	1.48110257	0
360	1.48094654	0
361	1.48079155	0
362	1.48063832	0
363	1.48048677	0
364	1.48033663	0
365	1.48018728	0
366	1.48003909	0
367	1.47989312	0
368	1.47974716	0
369	1.4796038	0
370	1.47946124	0
371	1.47931945	0
372	1.47917913	0
373	1.47904026	0
374	1.47890246	0
375	1.47876575	0
376	1.47863028	0
377	1.4784956	0
378	1.4783625	0
379	1.47823016	0
380	1.47809908	0
381	1.47796946	0
382	1.47784083	0
383	1.47771305	0
384	1.47758656	0
385	1.47746078	0
386	1.47733642	0
387	1.47721276	0
388	1.47709009	0
389	1.47696845	0
390	1.47684752	0
391	1.47672803	0
392	1.47660981	0
393	1.47649228	0
394	1.47637532	0
395	1.47625906	0
396	1.47614492	0
397	1.47603076	0
398	1.47591743	0
399	1.47580516	0
400	1.47569394	0
401	1.47558353	0
402	1.47547413	0
403	1.47536544	0
404	1.47525731	0
405	1.47515047	0
406	1.47504472	0
407	1.47493932	0
408	1.47483418	0
409	1.47473093	0
410	1.47462819	0
411	1.47452589	0
412	1.47442405	0
413	1.47432352	0
414	1.47422344	0
415	1.47412399	0
416	1.47402557	0
417	1.47392834	0
418	1.47383157	0
419	1.47373519	0
420	1.47363941	0
421	1.47354455	0
422	1.47345047	0
423	1.47335739	0
424	1.47326481	0
425	1.47317257	0
426	1.47308075	0
427	1.47299006	0
428	1.47289978	0
429	1.47280986	0
430	1.4727212	0
431	1.47263317	0
432	1.47254584	0
433	1.47245909	0
434	1.47237263	0
435	1.47228651	0
436	1.47220158	0
437	1.47211696	0
438	1.47203266	0
439	1.47194944	0
440	1.47186659	0
441	1.47178416	0
442	1.47170259	0
443	1.47162153	0
444	1.47154155	0
445	1.47146151	0
446	1.47138143	0
447	1.4713031	0
448	1.47122484	0
449	1.47114656	0
450	1.47106912	0
451	1.47099209	0
452	1.47091611	0
453	1.4708404	0
454	1.47076503	0
455	1.47069055	0
456	1.47061637	0
457	1.4705426	0
458	1.47046909	0
459	1.47039594	0
460	1.47032359	0
461	1.47025155	0
462	1.4701801	0
463	1.47010896	0
464	1.47003852	0
465	1.46996842	0
466	1.46989857	0
467	1.46982961	0
468	1.46976087	0
469	1.4696926	0
470	1.46962466	0
471	1.46955744	0
472	1.46949052	0
473	1.46942388	0
474	1.46935755	0
475	1.46929135	0
476	1.46922614	0
477	1.46916111	0
478	1.46909702	0
479	1.46903292	0
480	1.46896881	0
481	1.46890528	0
482	1.46884268	0
483	1.46878007	0
484	1.46871745	0
485	1.46865549	0
486	1.46859393	0
487	1.46853307	0
488	1.46847249	0
489	1.46841228	0
490	1.46835217	0
491	1.46829248	0
492	1.46823284	0
493	1.4681741	0
494	1.46811542	0
495	1.4680572	0
496	1.46799898	0
497	1.46794177	0
498	1.46788456	0
499	1.46782781	0
500	1.46777105	0
501	1.4677147	0
502	1.46765834	0
503	1.46760294	0
504	1.46754756	0
505	1.4674926	0
506	1.46743768	0
507	1.46738359	0
508	1.46732963	0
509	1.46727597	0
510	1.46722239	0
511	1.46716916	0
512	1.46711608	0
513	1.46706352	0
514	1.46701132	0
515	1.46695933	0
516	1.46690756	0
517	1.46685608	0
518	1.46680519	0
519	1.46675436	0
520	1.46670389	0
521	1.46665341	0
522	1.46660336	0
523	1.46655331	0
524	1.46650397	0
525	1.46645483	0
526	1.46640592	0
527	1.46635719	0
528	1.46630858	0
529	1.46626021	0
530	1.46621191	0
531	1.46616442	0
532	1.46611693	0
533	1.46606977	0
534	1.46602269	0
535	1.46597606	0
536	1.46592984	0
537	1.4658837	0
538	1.46583783	0
539	1.46579196	0
540	1.46574648	0
541	1.46570107	0
542	1.46565603	0
543	1.46561136	0
544	1.46556675	0
545	1.46552251	0
546	1.46547828	0
547	1.46543433	0
548	1.46539049	0
549	1.4653469	0
550	1.46530383	0
551	1.46526076	0
552	1.46521803	0
553	1.46517535	0
554	1.46513284	0
555	1.46509058	0
556	1.46504832	0
557	1.46500673	0
558	1.46496519	0
559	1.46492382	0
560	1.46488269	0
561	1.46484156	0
562	1.46480112	0
563	1.46476073	0
564	1.46472033	0
565	1.46467989	0
566	1.46463946	0
567	1.46459964	0
568	1.46455998	0
569	1.46452047	0
570	1.46448159	0
571	1.4644427	0
572	1.46440379	0
573	1.46436486	0
574	1.46432593	0
575	1.46428766	0
576	1.46424944	0
577	1.46421142	0
578	1.46417395	0
579	1.46413649	0
580	1.464099	0
581	1.46406149	0
582	1.46402397	0
583	1.46398709	0
584	1.46395032	0
585	1.46391361	0
586	1.46387753	0
587	1.46384145	0
588	1.46380537	0
589	1.46376929	0
590	1.46373321	0
591	1.46369749	0
592	1.46366209	0
593	1.46362668	0
594	1.46359152	0
595	1.46355646	0
596	1.46352139	0
597	1.46348661	0
598	1.46345188	0
599	1.46341716	0
600	1.46338311	0
601	1.46334908	0
602	1.46331507	0
603	1.46328133	0
604	1.4632476	0
605	1.4632139	0
606	1.46318053	0
607	1.46314716	0
608	1.4631139	0
609	1.46308117	0
610	1.46304845	0
611	1.46301571	0
612	1.46298296	0
613	1.4629502	0
614	1.46291753	0
615	1.46288544	0
616	1.46285336	0
617	1.46282133	0
618	1.46278987	0
619	1.46275841	0
620	1.46272695	0
621	1.4626955	0
622	1.46266405	0
623	1.4626326	0
624	1.46260172	0
625	1.46257093	0
626	1.46254013	0
627	1.46250954	0
628	1.46247901	0
629	1.46244849	0
630	1.46241813	0
631	1.46238792	0
632	1.4623577	0
633	1.46232761	0
634	1.46229773	0
635	1.46226786	0
636	1.46223805	0
637	1.46220873	0
638	1.46217942	0
639	1.46215011	0
640	1.46212107	0
641	1.4620921	0
642	1.46206312	0
643	1.4620343	0
644	1.46200562	0
645	1.46197694	0
646	1.46194831	0
647	1.46191989	0
648	1.46189148	0
649	1.46186306	0
650	1.46183512	0
651	1.46180732	0
652	1.46177951	0
653	1.46175171	0
654	1.46172392	0
655	1.46169613	0
656	1.46166834	0
657	1.46164107	0
658	1.46161384	0
659	1.46158662	0
660	1.46155952	0
661	1.46153258	0
662	1.46150564	0
663	1.46147871	0
664	1.46145203	0
665	1.46142538	0
666	1.46139873	0
667	1.46137227	0
668	1.4613462	0
669	1.46132013	0
670	1.46129407	0
671	1.46126799	0
672	1.46124191	0
673	1.46121583	0
674	1.46118979	0
675	1.46116425	0
676	1.46113871	0
677	1.46111317	0
678	1.46108775	0
679	1.46106252	0
680	1.46103729	0
681	1.46101206	0
682	1.46098699	0
683	1.46096201	0
684	1.46093702	0
685	1.46091203	0
686	1.46088733	0
687	1.46086265	0
688	1.46083796	0
689	1.46081331	0
690	1.46078887	0
691	1.46076443	0
692	1.46073999	0
693	1.46071563	0
694	1.46069149	0
695	1.46066736	0
696	1.46064322	0
697	1.46061917	0
698	1.46059527	0
699	1.46057138	0
700	1.46054748	0
701	1.46052381	0
702	1.46050045	0
703	1.4604771	0
704	1.46045374	0
705	1.46043039	0
706	1.46040705	0
707	1.46038372	0
708	1.46036039	0
709	1.46033726	0
710	1.4603144	0
711	1.46029153	0
712	1.46026867	0
713	1.46024591	0
714	1.46022334	0
715	1.46020077	0
716	1.46017819	0
717	1.46015568	0
718	1.46013337	0
719	1.46011106	0
720	1.46008874	0
721	1.46006643	0
722	1.46004415	0
723	1.46002187	0
724	1.45999959	0
725	1.45997731	0
726	1.45995541	0
727	1.45993359	0
728	1.45991176	0
729	1.45988994	0
730	1.45986828	0
731	1.45984673	0
732	1.45982519	0
733	1.45980364	0
734	1.45978217	0
735	1.45976088	0
736	1.45973959	0
737	1.4597183	0
738	1.45969701	0
739	1.45967595	0
740	1.45965491	0
741	1.45963387	0
742	1.45961283	0
743	1.45959192	0
744	1.45957113	0
745	1.45955034	0
746	1.45952955	0
747	1.45950877	0
748	1.45948823	0
749	1.45946769	0
750	1.45944715	0
751	1.45942661	0
752	1.45940619	0
753	1.4593859	0
754	1.45936561	0
755	1.45934532	0
756	1.45932503	0
757	1.45930494	0
758	1.45928486	0
759	1.45926479	0
760	1.45924472	0
761	1.45922467	0
762	1.45920466	0
763	1.45918466	0
764	1.45916466	0
765	1.45914465	0
766	1.4591249	0
767	1.45910534	0
768	1.45908579	0
769	1.45906623	0
770	1.45904667	0
771	1.45902731	0
772	1.45900799	0
773	1.45898868	0
774	1.45896936	0
775	1.45895004	0
776	1.45893075	0
777	1.45891145	0
778	1.45889215	0
779	1.45887286	0
780	1.45885362	0
781	1.45883478	0
782	1.45881594	0
783	1.4587971	0
784	1.45877826	0
785	1.45875943	0
786	1.45874061	0
787	1.4587218	0
788	1.45870298	0
789	1.45868417	0
790	1.45866544	0
791	1.45864707	0
792	1.45862871	0
793	1.45861034	0
794	1.45859197	0
795	1.45857362	0
796	1.4585553	0
797	1.45853698	0
798	1.45851866	0
799	1.45850034	0
800	1.45848203	0
801	1.45846392	0
802	1.45844582	0
803	1.45842771	0
804	1.4584096	0
805	1.4583915	0
806	1.45837343	0
807	1.45835538	0
808	1.45833733	0
809	1.45831927	0
810	1.45830122	0
811	1.4582834	0
812	1.45826579	0
813	1.45824817	0
814	1.45823055	0
815	1.45821293	0
816	1.45819532	0
817	1.45817774	0
818	1.45816015	0
819	1.45814256	0
820	1.45812498	0
821	1.45810739	0
822	1.45808999	0
823	1.45807264	0
824	1.45805528	0
825	1.45803793	0
826	1.45802057	0
827	1.4580033	0
828	1.45798617	0
829	1.45796905	0
830	1.45795192	0
831	1.4579348	0
832	1.45791767	0
833	1.45790073	0
834	1.45788383	0
835	1.45786693	0
836	1.45785004	0
837	1.45783314	0
838	1.45781625	0
839	1.45779942	0
840	1.45778258	0
841	1.45776574	0
842	1.45774891	0
843	1.45773207	0
844	1.45771534	0
845	1.45769873	0
846	1.45768212	0
847	1.45766551	0
848	1.4576489	0
849	1.45763229	0
850	1.45761582	0
851	1.45759942	0
852	1.45758302	0
853	1.45756661	0
854	1.45755021	0
855	1.4575338	0
856	1.45751747	0
857	1.45750115	0
858	1.45748483	0
859	1.45746851	0
860	1.45745219	0
861	1.45743587	0
862	1.45741973	0
863	1.45740362	0
864	1.45738751	0
865	1.45737139	0
866	1.45735528	0
867	1.45733916	0
868	1.45732324	0
869	1.45730735	0
870	1.45729146	0
871	1.45727557	0
872	1.45725968	0
873	1.45724379	0
874	1.45722795	0
875	1.45721213	0
876	1.45719631	0
877	1.45718049	0
878	1.45716466	0
879	1.45714884	0
880	1.45713306	0
881	1.45711731	0
882	1.45710156	0
883	1.4570858	0
884	1.45707005	0
885	1.4570543	0
886	1.45703865	0
887	1.45702326	0
888	1.45700786	0
889	1.45699246	0
890	1.45697707	0
891	1.45696167	0
892	1.45694627	0
893	1.45693082	0
894	1.45691537	0
895	1.45689992	0
896	1.45688446	0
897	1.45686901	0
898	1.45685356	0
899	1.45683826	0
900	1.45682315	0
901	1.45680805	0
902	1.45679295	0
903	1.45677784	0
904	1.45676274	0
905	1.45674764	0
906	1.45673247	0
907	1.4567173	0
908	1.45670213	0
909	1.45668696	0
910	1.45667179	0
911	1.45665661	0
912	1.45664149	0
913	1.45662654	0
914	1.45661159	0
915	1.45659664	0
916	1.45658169	0
917	1.45656674	0
918	1.45655179	0
919	1.45653694	0
920	1.45652219	0
921	1.45650745	0
922	1.4564927	0
923	1.45647795	0
924	1.4564632	0
925	1.45644846	0
926	1.45643377	0
927	1.45641912	0
928	1.45640447	0
929	1.45638982	0
930	1.45637517	0
931	1.45636052	0
932	1.45634587	0
933	1.45633127	0
934	1.45631669	0
935	1.45630211	0
936	1.45628752	0
937	1.45627294	0
938	1.45625836	0
939	1.45624378	0
940	1.45622924	0
941	1.45621472	0
942	1.45620021	0
943	1.4561857	0
944	1.45617118	0
945	1.45615667	0
946	1.45614216	0
947	1.45612775	0
948	1.45611347	0
949	1.4560992	0
950	1.45608492	0
951	1.45607064	0
952	1.45605637	0
953	1.45604209	0
954	1.45602783	0
955	1.45601362	0
956	1.45599942	0
957	1.45598522	0
958	1.45597101	0
959	1.45595681	0
960	1.4559426	0
961	1.4559284	0
962	1.45591427	0
963	1.45590016	0
964	1.45588604	0
965	1.45587193	0
966	1.45585782	0
967	1.45584371	0
968	1.45582959	0
969	1.4558155	0
970	1.45580147	0
971	1.45578743	0
972	1.4557734	0
973	1.45575937	0
974	1.45574533	0
975	1.4557313	0
976	1.45571726	0
977	1.45570338	0
978	1.45568958	0
979	1.45567578	0
980	1.45566198	0
981	1.45564818	0
982	1.45563438	0
983	1.45562058	0
984	1.45560678	0
985	1.45559293	0
986	1.45557908	0
987	1.45556523	0
988	1.45555137	0
989	1.45553752	0
990	1.45552366	0
991	1.45550981	0
992	1.45549595	0
993	1.45548221	0
994	1.45546848	0
995	1.45545474	0
996	1.455441	0
997	1.45542726	0
998	1.45541352	0
999	1.45539978	0
1000	1.45538604	0
1001	1.45537251	0
1002	1.45535898	0
1003	1.45534544	0
1004	1.45533191	0
1005	1.45531837	0
1006	1.45530484	0
1007	1.45529131	0
1008	1.45527777	0
1009	1.45526422	0
1010	1.45525066	0
1011	1.45523709	0
1012	1.45522353	0
1013	1.45520997	0
1014	1.45519641	0
1015	1.45518285	0
1016	1.45516929	0
1017	1.4551558	0
1018	1.45514234	0
1019	1.45512889	0
1020	1.45511543	0
1021	1.45510198	0
1022	1.45508853	0
1023	1.45507507	0
1024	1.45506162	0
1025	1.45504819	0
1026	1.45503484	0
1027	1.4550215	0
1028	1.45500815	0
1029	1.45499481	0
1030	1.45498146	0
1031	1.45496812	0
1032	1.45495477	0
1033	1.45494143	0
1034	1.45492815	0
1035	1.4549149	0
1036	1.45490165	0
1037	1.45488841	0
1038	1.45487516	0
1039	1.45486191	0
1040	1.45484866	0
1041	1.45483541	0
1042	1.45482217	0
1043	1.45480892	0
1044	1.45479568	0
1045	1.45478244	0
1046	1.45476919	0
1047	1.45475595	0
1048	1.45474271	0
1049	1.45472947	0
1050	1.45471622	0
1051	1.454703	0
1052	1.45468986	0
1053	1.45467672	0
1054	1.45466358	0
1055	1.45465044	0
1056	1.4546373	0
1057	1.45462416	0
1058	1.45461102	0
1059	1.45459788	0
1060	1.45458476	0
1061	1.45457174	0
1062	1.45455871	0
1063	1.45454569	0
1064	1.45453267	0
1065	1.45451965	0
1066	1.45450663	0
1067	1.45449361	0
1068	1.45448058	0
1069	1.45446756	0
1070	1.45445455	0
1071	1.45444153	0
1072	1.45442851	0
1073	1.45441549	0
1074	1.45440248	0
1075	1.45438946	0
1076	1.45437644	0
1077	1.45436343	0
1078	1.45435041	0
1079	1.45433747	0
1080	1.45432457	0
1081	1.45431166	0
1082	1.45429876	0
1083	1.45428585	0
1084	1.45427295	0
1085	1.45426004	0
1086	1.45424713	0
1087	1.45423423	0
1088	1.45422133	0
1089	1.45420845	0
1090	1.45419557	0
1091	1.45418269	0
1092	1.45416981	0
1093	1.45415693	0
1094	1.45414405	0
1095	1.45413117	0
1096	1.45411829	0
1097	1.45410541	0
1098	1.45409254	0
1099	1.45407968	0
1100	1.45406682	0
1101	1.45405396	0
1102	1.4540411	0
1103	1.45402824	0
1104	1.45401538	0
1105	1.45400252	0
1106	1.45398966	0
1107	1.4539768	0
1108	1.45396397	0
1109	1.45395115	0
1110	1.45393832	0
1111	1.4539255	0
1112	1.45391267	0
1113	1.45389985	0
1114	1.45388702	0
1115	1.4538742	0
1116	1.45386138	0
1117	1.45384855	0
1118	1.45383583	0
1119	1.45382311	0
1120	1.4538104	0
1121	1.45379769	0
1122	1.45378498	0
1123	1.45377226	0
1124	1.45375955	0
1125	1.45374684	0
1126	1.45373413	0
1127	1.45372141	0
1128	1.45370874	0
1129	1.45369609	0
1130	1.45368343	0
1131	1.45367077	0
1132	1.45365812	0
1133	1.45364546	0
1134	1.4536328	0
1135	1.45362015	0
1136	1.45360749	0
1137	1.45359483	0
1138	1.45358215	0
1139	1.45356942	0
1140	1.45355669	0
1141	1.45354395	0
1142	1.45353122	0
1143	1.45351849	0
1144	1.45350576	0
1145	1.45349303	0
1146	1.45348029	0
1147	1.45346756	0
1148	1.45345483	0
1149	1.45344223	0
1150	1.45342966	0
1151	1.45341708	0
1152	1.4534045	0
1153	1.45339193	0
1154	1.45337935	0
1155	1.45336678	0
1156	1.4533542	0
1157	1.45334162	0
1158	1.45332905	0
1159	1.45331647	0
1160	1.45330384	0
1161	1.45329121	0
1162	1.45327859	0
1163	1.45326596	0
1164	1.45325333	0
1165	1.45324071	0
1166	1.45322808	0
1167	1.45321545	0
1168	1.45320283	0
1169	1.4531902	0
1170	1.45317759	0
1171	1.45316502	0
1172	1.45315246	0
1173	1.4531399	0
1174	1.45312734	0
1175	1.45311478	0
1176	1.45310221	0
1177	1.45308965	0
1178	1.45307709	0
1179	1.45306453	0
1180	1.45305197	0
1181	1.45303941	0
1182	1.4530269	0
1183	1.4530144	0
1184	1.4530019	0
1185	1.4529894	0
1186	1.45297689	0
1187	1.45296439	0
1188	1.45295189	0
1189	1.45293938	0
1190	1.45292688	0
1191	1.45291438	0
1192	1.45290187	0
1193	1.45288935	0
1194	1.45287682	0
1195	1.45286428	0
1196	1.45285175	0
1197	1.45283922	0
1198	1.45282668	0
1199	1.45281415	0
1200	1.45280162	0
1201	1.45278909	0
1202	1.45277655	0
1203	1.45276402	0
1204	1.45275149	0
1205	1.45273895	0
1206	1.45272642	0
1207	1.45271388	0
1208	1.45270135	0
1209	1.45268882	0
1210	1.45267628	0
1211	1.45266375	0
1212	1.45265121	0
1213	1.45263868	0
1214	1.45262614	0
1215	1.45261361	0
1216	1.4526011	0
1217	1.45258864	0
1218	1.45257618	0
1219	1.45256372	0
1220	1.45255126	0
1221	1.4525388	0
1222	1.45252634	0
1223	1.45251389	0
1224	1.45250143	0
1225	1.45248897	0
1226	1.45247651	0
1227	1.45246405	0
1228	1.45245159	0
1229	1.45243912	0
1230	1.45242665	0
1231	1.45241419	0
1232	1.45240172	0
1233	1.45238925	0
1234	1.45237678	0
1235	1.45236432	0
1236	1.45235185	0
1237	1.45233938	0
1238	1.45232691	0
1239	1.45231445	0
1240	1.45230198	0
1241	1.45228944	0
1242	1.45227691	0
1243	1.45226438	0
1244	1.45225184	0
1245	1.45223931	0
1246	1.45222677	0
1247	1.45221424	0
1248	1.4522017	0
1249	1.45218917	0
1250	1.45217663	0
1251	1.4521641	0
1252	1.45215156	0
1253	1.45213907	0
1254	1.45212663	0
1255	1.45211419	0
1256	1.45210175	0
1257	1.4520893	0
1258	1.45207686	0
1259	1.45206442	0
1260	1.45205198	0
1261	1.45203953	0
1262	1.45202709	0
1263	1.45201465	0
1264	1.45200221	0
1265	1.45198976	0
1266	1.45197729	0
1267	1.45196479	0
1268	1.4519523	0
1269	1.45193981	0
1270	1.45192732	0
1271	1.45191482	0
1272	1.45190233	0
1273	1.45188984	0
1274	1.45187735	0
1275	1.45186485	0
1276	1.45185236	0
1277	1.45183987	0
1278	1.45182737	0
1279	1.4518149	0
1280	1.45180244	0
1281	1.45178998	0
1282	1.45177752	0
1283	1.45176506	0
1284	1.4517526	0
1285	1.45174013	0
1286	1.45172767	0
1287	1.45171521	0
1288	1.45170275	0
1289	1.45169029	0
1290	1.45167783	0
1291	1.45166536	0
1292	1.45165289	0
1293	1.45164038	0
1294	1.45162786	0
1295	1.45161535	0
1296	1.45160284	0
1297	1.45159033	0
1298	1.45157782	0
1299	1.45156531	0
1300	1.4515528	0
1301	1.45154028	0
1302	1.45152777	0
1303	1.45151526	0
1304	1.45150275	0
1305	1.45149024	0
1306	1.45147772	0
1307	1.45146519	0
1308	1.45145267	0
1309	1.45144014	0
1310	1.45142761	0
1311	1.45141509	0
1312	1.45140256	0
1313	1.45139004	0
1314	1.45137751	0
1315	1.45136499	0
1316	1.45135246	0
1317	1.45133994	0
1318	1.45132741	0
1319	1.45131488	0
1320	1.45130234	0
1321	1.45128979	0
1322	1.45127724	0
1323	1.4512647	0
1324	1.45125215	0
1325	1.4512396	0
1326	1.45122705	0
1327	1.45121451	0
1328	1.45120196	0
1329	1.45118941	0
1330	1.45117686	0
1331	1.45116432	0
1332	1.45115177	0
1333	1.45113922	0
1334	1.45112667	0
1335	1.45111411	0
1336	1.45110154	0
1337	1.45108898	0
1338	1.45107642	0
1339	1.45106386	0
1340	1.4510513	0
1341	1.45103874	0
1342	1.45102618	0
1343	1.45101362	0
1344	1.45100106	0
1345	1.4509885	0
1346	1.45097594	0
1347	1.45096338	0
1348	1.45095082	0
1349	1.45093827	0
1350	1.45092571	0
1351	1.45091316	0
1352	1.4509006	0
1353	1.45088804	0
1354	1.45087549	0
1355	1.45086293	0
1356	1.45085038	0
1357	1.45083782	0
1358	1.45082527	0
1359	1.45081271	0
1360	1.45080015	0
1361	1.4507876	0
1362	1.45077504	0
1363	1.45076246	0
1364	1.45074984	0
1365	1.45073722	0
1366	1.4507246	0
1367	1.45071198	0
1368	1.45069936	0
1369	1.45068674	0
1370	1.45067411	0
1371	1.45066149	0
1372	1.45064887	0
1373	1.45063625	0
1374	1.45062363	0
1375	1.45061101	0
1376	1.45059839	0
1377	1.45058576	0
1378	1.45057313	0
1379	1.45056047	0
1380	1.45054781	0
1381	1.45053515	0
1382	1.4505225	0
1383	1.45050984	0
1384	1.45049718	0
1385	1.45048452	0
1386	1.45047186	0
1387	1.4504592	0
1388	1.45044654	0
1389	1.45043388	0
1390	1.45042122	0
1391	1.45040856	0
1392	1.4503959	0
1393	1.45038324	0
1394	1.45037055	0
1395	1.45035786	0
1396	1.45034516	0
1397	1.45033247	0
1398	1.45031978	0
1399	1.45030708	0
1400	1.45029439	0
1401	1.45028169	0
1402	1.450269	0
1403	1.4502563	0
1404	1.45024361	0
1405	1.45023091	0
1406	1.45021822	0
1407	1.45020552	0
1408	1.45019283	0
1409	1.45018013	0
1410	1.45016742	0
1411	1.4501547	0
1412	1.45014198	0
1413	1.45012926	0
1414	1.45011655	0
1415	1.45010383	0
1416	1.45009111	0
1417	1.45007839	0
1418	1.45006567	0
1419	1.45005295	0
1420	1.45004023	0
1421	1.45002752	0
1422	1.4500148	0
1423	1.45000208	0
1424	1.44998936	0
1425	1.44997664	0
1426	1.44996387	0
1427	1.44995108	0
1428	1.4499383	0
1429	1.44992551	0
1430	1.44991272	0
1431	1.44989993	0
1432	1.44988714	0
1433	1.44987435	0
1434	1.44986156	0
1435	1.44984877	0
1436	1.44983598	0
1437	1.44982319	0
1438	1.4498104	0
1439	1.44979762	0
1440	1.44978483	0
1441	1.44977204	0
1442	1.44975924	0
1443	1.44974639	0
1444	1.44973353	0
1445	1.44972068	0
1446	1.44970783	0
1447	1.44969497	0
1448	1.44968212	0
1449	1.44966927	0
1450	1.44965641	0
1451	1.44964356	0
1452	1.44963071	0
1453	1.44961785	0
1454	1.449605	0
1455	1.44959214	0
1456	1.44957929	0
1457	1.44956644	0
1458	1.44955358	0
1459	1.44954072	0
1460	1.44952783	0
1461	1.44951493	0
1462	1.44950203	0
1463	1.44948913	0
1464	1.44947623	0
1465	1.44946334	0
1466	1.44945044	0
1467	1.44943754	0
1468	1.44942464	0
1469	1.44941175	0
1470	1.44939885	0
1471	1.44938595	0
1472	1.44937305	0
1473	1.44936015	0
1474	1.44934726	0
1475	1.44933436	0
1476	1.44932146	0
1477	1.44930849	0
1478	1.4492955	0
1479	1.44928251	0
1480	1.44926952	0
1481	1.44925653	0
1482	1.44924354	0
1483	1.44923055	0
1484	1.44921756	0
1485	1.44920457	0
1486	1.44919158	0
1487	1.44917859	0
1488	1.4491656	0
1489	1.44915261	0
1490	1.44913962	0
1491	1.44912663	0
1492	1.44911364	0
1493	1.44910065	0
1494	1.44908766	0
1495	1.4490746	0
1496	1.44906154	0
1497	1.44904848	0
1498	1.44903542	0
1499	1.44902236	0
1500	1.4490093	0
1501	1.44899624	0
1502	1.44898318	0
1503	1.44897012	0
1504	1.44895706	0
1505	1.448944	0
1506	1.44893094	0
1507	1.44891788	0
1508	1.44890482	0
1509	1.44889176	0
1510	1.4488787	0
1511	1.44886564	0
1512	1.44885258	0
1513	1.44883952	0
1514	1.44882644	0
1515	1.44881337	0
1516	1.4488003	0
1517	1.44878723	0
1518	1.44877416	0
1519	1.44876109	0
1520	1.44874802	0
1521	1.44873495	0
1522	1.44872188	0
1523	1.44870881	0
1524	1.44869574	0
1525	1.44868266	0
1526	1.44866959	0
1527	1.44865652	0
1528	1.44864345	0
1529	1.44863038	0
1530	1.44861731	0
1531	1.44860422	0
1532	1.448591	0
1533	1.44857778	0
1534	1.44856456	0
1535	1.44855134	0
1536	1.44853812	0
1537	1.4485249	0
1538	1.44851168	0
1539	1.44849846	0
1540	1.44848524	0
1541	1.44847203	0
1542	1.44845881	0
1543	1.44844559	0
1544	1.44843237	0
1545	1.44841915	0
1546	1.44840593	0
1547	1.44839271	0
1548	1.44837949	0
1549	1.44836627	0
1550	1.44835305	0
1551	1.4483398	0
1552	1.44832655	0
1553	1.4483133	0
1554	1.44830005	0
1555	1.4482868	0
1556	1.44827354	0
1557	1.44826029	0
1558	1.44824704	0
1559	1.44823379	0
1560	1.44822054	0
1561	1.44820729	0
1562	1.44819404	0
1563	1.44818078	0
1564	1.44816753	0
1565	1.44815428	0
1566	1.44814103	0
1567	1.44812778	0
1568	1.44811453	0
1569	1.44810128	0
1570	1.44808798	0
1571	1.44807461	0
1572	1.44806124	0
1573	1.44804787	0
1574	1.4480345	0
1575	1.44802113	0
1576	1.44800776	0
1577	1.44799439	0
1578	1.44798102	0
1579	1.44796765	0
1580	1.44795428	0
1581	1.44794091	0
1582	1.44792754	0
1583	1.44791416	0
1584	1.44790079	0
1585	1.44788742	0
1586	1.44787405	0
1587	1.44786068	0
1588	1.44784731	0
1589	1.44783394	0
1590	1.44782055	0
1591	1.44780708	0
1592	1.44779362	0
1593	1.44778015	0
1594	1.44776669	0
1595	1.44775322	0
1596	1.44773976	0
1597	1.44772629	0
1598	1.44771283	0
1599	1.44769936	0
1600	1.4476859	0
1601	1.44767244	0
1602	1.44765897	0
1603	1.44764551	0
1604	1.44763204	0
1605	1.44761858	0
1606	1.44760511	0
1607	1.44759165	0
1608	1.44757818	0
1609	1.44756472	0
1610	1.44755125	0
1611	1.44753771	0
1612	1.44752412	0
1613	1.44751052	0
1614	1.44749693	0
1615	1.44748334	0
1616	1.44746975	0
1617	1.44745616	0
1618	1.44744256	0
1619	1.44742897	0
1620	1.44741538	0
1621	1.44740179	0
1622	1.44738819	0
1623	1.4473746	0
1624	1.44736101	0
1625	1.44734742	0
1626	1.44733383	0
1627	1.44732023	0
1628	1.44730664	0
1629	1.44729305	0
1630	1.44727946	0
1631	1.44726586	0
1632	1.44725225	0
1633	1.4472386	0
1634	1.44722495	0
1635	1.4472113	0
1636	1.44719765	0
1637	1.447184	0
1638	1.44717035	0
1639	1.4471567	0
1640	1.44714305	0
1641	1.4471294	0
1642	1.44711575	0
1643	1.4471021	0
1644	1.44708845	0
1645	1.4470748	0
1646	1.44706115	0
1647	1.4470475	0
1648	1.44703385	0
1649	1.4470202	0
1650	1.44700655	0
1651	1.4469929	0
1652	1.44697925	0
1653	1.4469656	0
1654	1.44695185	0
1655	1.44693807	0
1656	1.44692428	0
1657	1.44691049	0
1658	1.44689671	0
1659	1.44688292	0
1660	1.44686913	0
1661	1.44685534	0
1662	1.44684156	0
1663	1.44682777	0
1664	1.44681398	0
1665	1.4468002	0
1666	1.44678641	0
1667	1.44677262	0
1668	1.44675883	0
1669	1.44674505	0
1670	1.44673126	0
1671	1.44671747	0
1672	1.44670368	0
1673	1.4466899	0
1674	1.44667611	0
1675	1.44666232	0
1676	1.4466485	0
1677	1.4466346	0
1678	1.44662071	0
1679	1.44660681	0
1680	1.44659291	0
1681	1.44657901	0
1682	1.44656512	0
1683	1.44655122	0
1684	1.44653732	0
1685	1.44652342	0
1686	1.44650953	0
1687	1.44649563	0
1688	1.44648173	0
1689	1.44646784	0
1690	1.44645394	0
1691	1.44644004	0
1692	1.44642614	0
1693	1.44641225	0
1694	1.44639835	0
1695	1.44638445	0
1696	1.44637056	0
1697	1.44635666	0
1698	1.44634276	0
1699	1.44632881	0
1700	1.44631478	0
1701	1.44630075	0
1702	1.44628672	0
1703	1.44627269	0
1704	1.44625865	0
1705	1.44624462	0
1706	1.44623059	0
1707	1.44621656	0
1708	1.44620253	0
1709	1.44618849	0
1710	1.44617446	0
1711	1.44616043	0
1712	1.4461464	0
1713	1.44613237	0
1714	1.44611833	0
1715	1.4461043	0
1716	1.44609027	0
1717	1.44607624	0
1718	1.44606221	0
1719	1.44604817	0
1720	1.44603414	0
1721	1.44602011	0
1722	1.44600608	0
1723	1.44599196	0
1724	1.44597782	0
1725	1.44596369	0
1726	1.44594955	0
1727	1.44593541	0
1728	1.44592127	0
1729	1.44590713	0
1730	1.44589299	0
1731	1.44587885	0
1732	1.44586471	0
1733	1.44585057	0
1734	1.44583643	0
1735	1.4458223	0
1736	1.44580816	0
1737	1.44579402	0
1738	1.44577988	0
1739	1.44576574	0
1740	1.4457516	0
1741	1.44573746	0
1742	1.44572332	0
1743	1.44570918	0
1744	1.44569504	0
1745	1.44568091	0
1746	1.44566677	0
1747	1.44565254	0
1748	1.44563823	0
1749	1.44562392	0
1750	1.44560961	0
1751	1.4455953	0
1752	1.44558099	0
1753	1.44556668	0
1754	1.44555237	0
1755	1.44553806	0
1756	1.44552375	0
1757	1.44550944	0
1758	1.44549513	0
1759	1.44548082	0
1760	1.44546651	0
1761	1.4454522	0
1762	1.44543789	0
1763	1.44542358	0
1764	1.44540927	0
1765	1.44539496	0
1766	1.44538065	0
1767	1.44536634	0
1768	1.44535203	0
1769	1.44533772	0
1770	1.44532341	0
1771	1.4453091	0
1772	1.44529479	0
1773	1.44528048	0
1774	1.44526617	0
1775	1.44525185	0
1776	1.44523754	0
1777	1.44522323	0
1778	1.44520892	0
1779	1.44519461	0
1780	1.4451803	0
1781	1.44516599	0
1782	1.44515168	0
1783	1.44513737	0
1784	1.44512306	0
1785	1.44510875	0
1786	1.44509444	0
1787	1.44508013	0
1788	1.44506582	0
1789	1.44505151	0
1790	1.4450372	0
1791	1.44502289	0
1792	1.44500858	0
1793	1.44499427	0
1794	1.44497996	0
1795	1.44496565	0
1796	1.44495134	0
1797	1.44493703	0
1798	1.44492272	0
1799	1.44490841	0
1800	1.4448941	0
1801	1.44487979	0
1802	1.44486548	0
1803	1.44485117	0
1804	1.44483686	0
1805	1.44482255	0
1806	1.44480824	0
1807	1.44479393	0
1808	1.44477962	0
1809	1.44476531	0
1810	1.444751	0
1811	1.44473669	0
1812	1.44472238	0
1813	1.44470807	0
1814	1.44469376	0
1815	1.44467945	0
1816	1.44466514	0
1817	1.44465083	0
1818	1.44463652	0
1819	1.44462221	0
1820	1.4446079	0
1821	1.44459359	0
1822	1.44457928	0
1823	1.44456497	0
1824	1.44455066	0
1825	1.44453635	0
1826	1.44452204	0
1827	1.44450773	0
1828	1.44449342	0
1829	1.44447911	0
1830	1.4444648	0
1831	1.44445049	0
1832	1.44443618	0
1833	1.44442187	0
1834	1.44440756	0
1835	1.44439325	0
1836	1.44437894	0
1837	1.44436463	0
1838	1.44435032	0
1839	1.44433601	0
1840	1.4443217	0
1841	1.44430739	0
1842	1.44429308	0
1843	1.44427877	0
1844	1.44426446	0
1845	1.44425015	0
1846	1.44423584	0
1847	1.44422153	0
1848	1.44420722	0
1849	1.44419291	0
1850	1.4441786	0
1851	1.44416429	0
1852	1.44414998	0
1853	1.44413567	0
1854	1.44412136	0
1855	1.44410705	0
1856	1.44409274	0
1857	1.44407843	0
1858	1.44406412	0
1859	1.44404981	0
1860	1.44403549	0
1861	1.44402118	0
1862	1.44400687	0
1863	1.44399256	0
1864	1.44397825	0
1865	1.44396394	0
1866	1.44394963	0
1867	1.44393532	0
1868	1.44392101	0
1869	1.4439067	0
1870	1.44389239	0
1871	1.44387808	0
1872	1.44386377	0
1873	1.44384946	0
1874	1.44383515	0
1875	1.44382084	0
1876	1.44380653	0
1877	1.44379222	0
1878	1.44377791	0
1879	1.4437636	0
1880	1.44374929	0
1881	1.44373498	0
1882	1.44372067	0
1883	1.44370636	0
1884	1.44369205	0
1885	1.44367774	0
1886	1.44366343	0
1887	1.44364912	0
1888	1.44363481	0
1889	1.4436205	0
1890	1.44360619	0
1891	1.44359188	0
1892	1.44357757	0
1893	1.44356326	0
1894	1.44354895	0
1895	1.44353464	0
1896	1.44352033	0
1897	1.44350602	0
1898	1.44349171	0
1899	1.4434774	0
1900	1.44346309	0
1901	1.44344878	0
1902	1.44343447	0
1903	1.44342016	0
1904	1.44340585	0
1905	1.44339154	0
1906	1.44337723	0
1907	1.44336292	0
1908	1.44334861	0
1909	1.4433343	0
1910	1.44331999	0
1911	1.44330568	0
1912	1.44329137	0
1913	1.44327706	0
1914	1.44326275	0
1915	1.44324844	0
1916	1.44323413	0
1917	1.44321982	0
1918	1.44320551	0
1919	1.4431912	0
1920	1.44317689	0
1921	1.44316258	0
1922	1.44314827	0
1923	1.44313396	0
1924	1.44311965	0
1925	1.44310534	0
1926	1.44309103	0
1927	1.44307672	0
1928	1.44306241	0
1929	1.4430481	0
1930	1.44303379	0
1931	1.44301948	0
1932	1.44300517	0
1933	1.44299086	0
1934	1.44297655	0
1935	1.44296224	0
1936	1.44294793	0
1937	1.44293362	0
1938	1.44291931	0
1939	1.442905	0
1940	1.44289069	0
1941	1.44287638	0
1942	1.44286207	0
1943	1.44284776	0
1944	1.44283345	0
1945	1.44281914	0
1946	1.44280482	0
1947	1.44279051	0
1948	1.4427762	0
1949	1.44276189	0
1950	1.44274758	0
1951	1.44273327	0
1952	1.44271896	0
1953	1.44270465	0
1954	1.44269034	0
1955	1.44267603	0
1956	1.44266172	0
1957	1.44264741	0
1958	1.4426331	0
1959	1.44261879	0
1960	1.44260448	0
1961	1.44259017	0
1962	1.44257586	0
1963	1.44256155	0
1964	1.44254724	0
1965	1.44253293	0
1966	1.44251862	0
1967	1.44250431	0
1968	1.44249	0
1969	1.44247569	0
1970	1.44246138	0
1971	1.44244707	0
1972	1.44243276	0
1973	1.44241845	0
1974	1.44240414	0
1975	1.44238983	0
1976	1.44237552	0
1977	1.44236121	0
1978	1.4423469	0
1979	1.44233259	0
1980	1.44231828	0
1981	1.44230397	0
1982	1.44228966	0
1983	1.44227535	0
1984	1.44226104	0
1985	1.44224673	0
1986	1.44223242	0
1987	1.44221811	0
1988	1.4422038	0
1989	1.44218949	0
1990	1.44217518	0
1991	1.44216087	0
1992	1.44214656	0
1993	1.44213225	0
1994	1.44211794	0
1995	1.44210363	0
1996	1.44208932	0
1997	1.44207501	0
1998	1.4420607	0
1999	1.44204639	0
2000	1.44203208	0
2001	1.44201777	0
2002	1.44200346	0
2003	1.44198915	0
2004	1.44197484	0
2005	1.44196053	0
2006	1.44194622	0
2007	1.44193191	0
2008	1.4419176	0
2009	1.44190329	0
2010	1.44188898	0
2011	1.44187467	0
2012	1.44186036	0
2013	1.44184605	0
2014	1.44183174	0
2015	1.44181743	0
2016	1.44180312	0
2017	1.44178881	0
2018	1.4417745	0
2019	1.44176019	0
2020	1.44174588	0
2021	1.44173157	0
2022	1.44171726	0
2023	1.44170295	0
2024	1.44168864	0
2025	1.44167433	0
2026	1.44166002	0
2027	1.44164571	0
2028	1.4416314	0
2029	1.44161709	0
2030	1.44160278	0
2031	1.44158847	0
2032	1.44157415	0
2033	1.44155984	0
2034	1.44154553	0
2035	1.44153122	0
2036	1.44151691	0
2037	1.4415026	0
2038	1.44148829	0
2039	1.44147398	0
2040	1.44145967	0
2041	1.44144536	0
2042	1.44143105	0
2043	1.44141674	0
2044	1.44140243	0
2045	1.44138812	0
2046	1.44137381	0
2047	1.4413595	0
2048	1.44134519	0
2049	1.44133088	0
2050	1.44131657	0
2051	1.44130226	0
2052	1.44128795	0
2053	1.44127364	0
2054	1.44125933	0
2055	1.44124502	0
2056	1.44123071	0
2057	1.4412164	0
2058	1.44120209	0
2059	1.44118778	0
2060	1.44117347	0
2061	1.44115916	0
2062	1.44114485	0
2063	1.44113054	0
2064	1.44111623	0
2065	1.44110192	0
2066	1.44108761	0
2067	1.4410733	0
2068	1.44105899	0
2069	1.44104468	0
2070	1.44103037	0
2071	1.44101606	0
2072	1.44100175	0
2073	1.44098744	0
2074	1.44097313	0
2075	1.44095882	0
2076	1.44094451	0
2077	1.4409302	0
2078	1.44091589	0
2079	1.44090158	0
2080	1.44088727	0
2081	1.44087296	0
2082	1.44085865	0
2083	1.44084434	0
2084	1.44083003	0
2085	1.44081572	0
2086	1.44080141	0
2087	1.4407871	0
2088	1.44077279	0
2089	1.44075848	0
2090	1.44074417	0
2091	1.44072986	0
2092	1.44071555	0
2093	1.44070124	0
2094	1.44068693	0
2095	1.44067262	0
2096	1.44065831	0
2097	1.440644	0
2098	1.44062969	0
2099	1.44061538	0
2100	1.44060107	0
2101	1.44058676	0
2102	1.44057245	0
2103	1.44055814	0
2104	1.44054383	0
2105	1.44052952	0
2106	1.44051521	0
2107	1.4405009	0
2108	1.44048659	0
2109	1.44047228	0
2110	1.44045797	0
2111	1.44044366	0
2112	1.44042935	0
2113	1.44041504	0
2114	1.44040073	0
2115	1.44038642	0
2116	1.44037211	0
2117	1.44035779	0
2118	1.44034348	0
2119	1.44032917	0
2120	1.44031486	0
2121	1.44030055	0
2122	1.44028624	0
2123	1.44027193	0
2124	1.44025762	0
2125	1.44024331	0
2126	1.440229	0
2127	1.44021469	0
2128	1.44020038	0
2129	1.44018607	0
2130	1.44017176	0
2131	1.44015745	0
2132	1.44014314	0
2133	1.44012883	0
2134	1.44011452	0
2135	1.44010021	0
2136	1.4400859	0
2137	1.44007159	0
2138	1.44005728	0
2139	1.44004297	0
2140	1.44002866	0
2141	1.44001435	0
2142	1.44000004	0
2143	1.43998573	0
2144	1.43997142	0
2145	1.43995711	0
2146	1.4399428	0
2147	1.43992849	0
2148	1.43991418	0
2149	1.43989987	0
2150	1.43988556	0
2151	1.43987125	0
2152	1.43985694	0
2153	1.43984263	0
2154	1.43982832	0
2155	1.43981401	0
2156	1.4397997	0
2157	1.43978539	0
2158	1.43977108	0
2159	1.43975677	0
2160	1.43974246	0
2161	1.43972815	0
2162	1.43971384	0
2163	1.43969953	0
2164	1.43968522	0
2165	1.43967091	0
2166	1.4396566	0
2167	1.43964229	0
2168	1.43962798	0
2169	1.43961367	0
2170	1.43959936	0
2171	1.43958505	0
2172	1.43957074	0
2173	1.43955643	0
2174	1.43954212	0
2175	1.43952781	0
2176	1.4395135	0
2177	1.43949919	0
2178	1.43948488	0
2179	1.43947057	0
2180	1.43945626	0
2181	1.43944195	0
2182	1.43942764	0
2183	1.43941333	0
2184	1.43939902	0
2185	1.43938471	0
2186	1.4393704	0
2187	1.43935609	0
2188	1.43934178	0
2189	1.43932747	0
2190	1.43931316	0
2191	1.43929885	0
2192	1.43928454	0
2193	1.43927023	0
2194	1.43925592	0
2195	1.43924161	0
2196	1.4392273	0
2197	1.43921299	0
2198	1.43919868	0
2199	1.43918437	0
2200	1.43917006	0
2201	1.43915575	0
2202	1.43914144	0
2203	1.43912712	0
2204	1.43911281	0
2205	1.4390985	0
2206	1.43908419	0
2207	1.43906988	0
2208	1.43905557	0
2209	1.43904126	0
2210	1.43902695	0
2211	1.43901264	0
2212	1.43899833	0
2213	1.43898402	0
2214	1.43896971	0
2215	1.4389554	0
2216	1.43894109	0
2217	1.43892678	0
2218	1.43891247	0
2219	1.43889816	0
2220	1.43888385	0
2221	1.43886954	0
2222	1.43885523	0
2223	1.43884092	0
2224	1.43882661	0
2225	1.4388123	0
2226	1.43879799	0
2227	1.43878368	0
2228	1.43876937	0
2229	1.43875506	0
2230	1.43874075	0
2231	1.43872644	0
2232	1.43871213	0
2233	1.43869782	0
2234	1.43868351	0
2235	1.4386692	0
2236	1.43865489	0
2237	1.43864058	0
2238	1.43862627	0
2239	1.43861196	0
2240	1.43859765	0
2241	1.43858334	0
2242	1.43856903	0
2243	1.43855472	0
2244	1.43854041	0
2245	1.4385261	0
2246	1.43851179	0
2247	1.43849748	0
2248	1.43848317	0
2249	1.43846886	0
2250	1.43845455	0
2251	1.43844024	0
2252	1.43842593	0
2253	1.43841162	0
2254	1.43839731	0
2255	1.438383	0
2256	1.43836869	0
2257	1.43835438	0
2258	1.43834007	0
2259	1.43832576	0
2260	1.43831145	0
2261	1.43829714	0
2262	1.43828283	0
2263	1.43826852	0
2264	1.43825421	0
2265	1.4382399	0
2266	1.43822559	0
2267	1.43821128	0
2268	1.43819697	0
2269	1.43818266	0
2270	1.43816835	0
2271	1.43815404	0
2272	1.43813973	0
2273	1.43812542	0
2274	1.43811111	0
2275	1.4380968	0
2276	1.43808249	0
2277	1.43806818	0
2278	1.43805387	0
2279	1.43803956	0
2280	1.43802525	0
2281	1.43801094	0
2282	1.43799663	0
2283	1.43798232	0
2284	1.43796801	0
2285	1.4379537	0
2286	1.43793939	0
2287	1.43792508	0
2288	1.43791077	0
2289	1.43789645	0
2290	1.43788214	0
2291	1.43786783	0
2292	1.43785352	0
2293	1.43783921	0
2294	1.4378249	0
2295	1.43781059	0
2296	1.43779628	0
2297	1.43778197	0
2298	1.43776766	0
2299	1.43775335	0
2300	1.43773904	0
2301	1.43772473	0
2302	1.43771042	0
2303	1.43769611	0
2304	1.4376818	0
2305	1.43766749	0
2306	1.43765318	0
2307	1.43763887	0
2308	1.43762456	0
2309	1.43761025	0
2310	1.43759594	0
2311	1.43758163	0
2312	1.43756732	0
2313	1.43755301	0
2314	1.4375387	0
2315	1.43752439	0
2316	1.43751008	0
2317	1.43749577	0
2318	1.43748146	0
2319	1.43746715	0
2320	1.43745284	0
2321	1.43743853	0
2322	1.43742422	0
2323	1.43740991	0
2324	1.4373956	0
2325	1.43738129	0
2326	1.43736698	0
2327	1.43735267	0
2328	1.43733836	0
2329	1.43732405	0
2330	1.43730974	0
2331	1.43729543	0
2332	1.43728112	0
2333	1.43726681	0
2334	1.4372525	0
2335	1.43723819	0
2336	1.43722388	0
2337	1.43720957	0
2338	1.43719526	0
2339	1.43718095	0
2340	1.43716664	0
2341	1.43715233	0
2342	1.43713802	0
2343	1.43712371	0
2344	1.4371094	0
2345	1.43709509	0
2346	1.43708078	0
2347	1.43706647	0
2348	1.43705216	0
2349	1.43703785	0
2350	1.43702354	0
2351	1.43700923	0
2352	1.43699492	0
2353	1.43698061	0
2354	1.4369663	0
2355	1.43695199	0
2356	1.43693768	0
2357	1.43692337	0
2358	1.43690906	0
2359	1.43689475	0
2360	1.43688044	0
2361	1.43686613	0
2362	1.43685182	0
2363	1.43683751	0
2364	1.4368232	0
2365	1.43680889	0
2366	1.43679458	0
2367	1.43678027	0
2368	1.43676596	0
2369	1.43675165	0
2370	1.43673734	0
2371	1.43672303	0
2372	1.43670872	0
2373	1.43669441	0
2374	1.43668009	0
2375	1.43666578	0
2376	1.43665147	0
2377	1.43663716	0
2378	1.43662285	0
2379	1.43660854	0
2380	1.43659423	0
2381	1.43657992	0
2382	1.43656561	0
2383	1.4365513	0
2384	1.43653699	0
2385	1.43652268	0
2386	1.43650837	0
2387	1.43649406	0
2388	1.43647975	0
2389	1.43646544	0
2390	1.43645113	0
2391	1.43643682	0
2392	1.43642251	0
2393	1.4364082	0
2394	1.43639389	0
2395	1.43637958	0
2396	1.43636527	0
2397	1.43635096	0
2398	1.43633665	0
2399	1.43632234	0
2400	1.43630803	0
2401	1.43629372	0
2402	1.43627941	0
2403	1.4362651	0
2404	1.43625079	0
2405	1.43623648	0
2406	1.43622217	0
2407	1.43620786	0
2408	1.43619355	0
2409	1.43617924	0
2410	1.43616493	0
2411	1.43615062	0
2412	1.43613631	0
2413	1.436122	0
2414	1.43610769	0
2415	1.43609338	0
2416	1.43607907	0
2417	1.43606476	0
2418	1.43605045	0
2419	1.43603614	0
2420	1.43602183	0
2421	1.43600752	0
2422	1.43599321	0
2423	1.4359789	0
2424	1.43596459	0
2425	1.43595028	0
2426	1.43593597	0
2427	1.43592166	0
2428	1.43590735	0
2429	1.43589304	0
2430	1.43587873	0
2431	1.43586442	0
2432	1.43585011	0
2433	1.4358358	0
2434	1.43582149	0
2435	1.43580718	0
2436	1.43579287	0
2437	1.43577856	0
2438	1.43576425	0
2439	1.43574994	0
2440	1.43573563	0
2441	1.43572132	0
2442	1.43570701	0
2443	1.4356927	0
2444	1.43567839	0
2445	1.43566408	0
2446	1.43564977	0
2447	1.43563546	0
2448	1.43562115	0
2449	1.43560684	0
2450	1.43559253	0
2451	1.43557822	0
2452	1.43556391	0
2453	1.4355496	0
2454	1.43553529	0
2455	1.43552098	0
2456	1.43550667	0
2457	1.43549236	0
2458	1.43547805	0
2459	1.43546374	0
2460	1.43544942	0
2461	1.43543511	0
2462	1.4354208	0
2463	1.43540649	0
2464	1.43539218	0
2465	1.43537787	0
2466	1.43536356	0
2467	1.43534925	0
2468	1.43533494	0
2469	1.43532063	0
2470	1.43530632	0
2471	1.43529201	0
2472	1.4352777	0
2473	1.43526339	0
2474	1.43524908	0
2475	1.43523477	0
2476	1.43522046	0
2477	1.43520615	0
2478	1.43519184	0
2479	1.43517753	0
2480	1.43516322	0
2481	1.43514891	0
2482	1.4351346	0
2483	1.43512029	0
2484	1.43510598	0
2485	1.43509167	0
2486	1.43507736	0
2487	1.43506305	0
2488	1.43504874	0
2489	1.43503443	0
2490	1.43502012	0
2491	1.43500581	0
2492	1.4349915	0
2493	1.43497719	0
2494	1.43496288	0
2495	1.43494857	0
2496	1.43493426	0
2497	1.43491995	0
2498	1.43490564	0
2499	1.43489133	0
2500	1.43487702	0
2501	1.43486271	0
2502	1.4348484	0
2503	1.43483409	0
2504	1.43481978	0
2505	1.43480547	0
2506	1.43479116	0
2507	1.43477685	0
2508	1.43476254	0
2509	1.43474823	0
2510	1.43473392	0
2511	1.43471961	0
2512	1.4347053	0
2513	1.43469099	0
2514	1.43467668	0
2515	1.43466237	0
2516	1.43464806	0
2517	1.43463375	0
2518	1.43461944	0
2519	1.43460513	0
2520	1.43459082	0
2521	1.43457651	0
2522	1.4345622	0
2523	1.43454789	0
2524	1.43453358	0
2525	1.43451927	0
2526	1.43450496	0
2527	1.43449065	0
2528	1.43447634	0
2529	1.43446203	0
2530	1.43444772	0
2531	1.43443341	0
2532	1.4344191	0
2533	1.43440479	0
2534	1.43439048	0
2535	1.43437617	0
2536	1.43436186	0
2537	1.43434755	0
2538	1.43433324	0
2539	1.43431893	0
2540	1.43430462	0
2541	1.43429031	0
2542	1.434276	0
2543	1.43426169	0
2544	1.43424738	0
2545	1.43423307	0
2546	1.43421875	0
2547	1.43420444	0
2548	1.43419013	0
2549	1.43417582	0
2550	1.43416151	0
2551	1.4341472	0
2552	1.43413289	0
2553	1.43411858	0
2554	1.43410427	0
2555	1.43408996	0
2556	1.43407565	0
2557	1.43406134	0
2558	1.43404703	0
2559	1.43403272	0
2560	1.43401841	0
2561	1.4340041	0
2562	1.43398979	0
2563	1.43397548	0
2564	1.43396117	0
2565	1.43394686	0
2566	1.43393255	0
2567	1.43391824	0
2568	1.43390393	0
2569	1.43388962	0
2570	1.43387531	0
2571	1.433861	0
2572	1.43384669	0
2573	1.43383238	0
2574	1.43381807	0
2575	1.43380376	0
2576	1.43378945	0
2577	1.43377514	0
2578	1.43376083	0
2579	1.43374652	0
2580	1.43373221	0
2581	1.4337179	0
2582	1.43370359	0
2583	1.43368928	0
2584	1.43367497	0
2585	1.43366066	0
2586	1.43364635	0
2587	1.43363204	0
2588	1.43361773	0
2589	1.43360342	0
2590	1.43358911	0
2591	1.4335748	0
2592	1.43356049	0
2593	1.43354618	0
2594	1.43353187	0
2595	1.43351756	0
2596	1.43350325	0
2597	1.43348894	0
2598	1.43347463	0
2599	1.43346032	0
2600	1.43344601	0
2601	1.4334317	0
2602	1.43341739	0
2603	1.43340308	0
2604	1.43338877	0
2605	1.43337446	0
2606	1.43336015	0
2607	1.43334584	0
2608	1.43333153	0
2609	1.43331722	0
2610	1.43330291	0
2611	1.4332886	0
2612	1.43327429	0
2613	1.43325998	0
2614	1.43324567	0
2615	1.43323136	0
2616	1.43321705	0
2617	1.43320274	0
2618	1.43318843	0
2619	1.43317412	0
2620	1.43315981	0
2621	1.4331455	0
2622	1.43313119	0
2623	1.43311688	0
2624	1.43310257	0
2625	1.43308826	0
2626	1.43307395	0
2627	1.43305964	0
2628	1.43304533	0
2629	1.43303102	0
2630	1.43301671	0
2631	1.43300239	0
2632	1.43298808	0
2633	1.43297377	0
2634	1.43295946	0
2635	1.43294515	0
2636	1.43293084	0
2637	1.43291653	0
2638	1.43290222	0
2639	1.43288791	0
2640	1.4328736	0
2641	1.43285929	0
2642	1.43284498	0
2643	1.43283067	0
2644	1.43281636	0
2645	1.43280205	0
2646	1.43278774	0
2647	1.43277343	0
2648	1.43275912	0
2649	1.43274481	0
2650	1.4327305	0
2651	1.43271619	0
2652	1.43270188	0
2653	1.43268757	0
2654	1.43267326	0
2655	1.43265895	0
2656	1.43264464	0
2657	1.43263033	0
2658	1.43261602	0
2659	1.43260171	0
2660	1.4325874	0
2661	1.43257309	0
2662	1.43255878	0
2663	1.43254447	0
2664	1.43253016	0
2665	1.43251585	0
2666	1.43250154	0
2667	1.43248723	0
2668	1.43247292	0
2669	1.43245861	0
2670	1.4324443	0
2671	1.43242999	0
2672	1.43241568	0
2673	1.43240137	0
2674	1.43238706	0
2675	1.43237275	0
2676	1.43235844	0
2677	1.43234413	0
2678	1.43232982	0
2679	1.43231551	0
2680	1.4323012	0
2681	1.43228689	0
2682	1.43227258	0
2683	1.43225827	0
2684	1.43224396	0
2685	1.43222965	0
2686	1.43221534	0
2687	1.43220103	0
2688	1.43218672	0
2689	1.43217241	0
2690	1.4321581	0
2691	1.43214379	0
2692	1.43212948	0
2693	1.43211517	0
2694	1.43210086	0
2695	1.43208655	0
2696	1.43207224	0
2697	1.43205793	0
2698	1.43204362	0
2699	1.43202931	0
2700	1.432015	0
2701	1.43200069	0
2702	1.43198638	0
2703	1.43197207	0
2704	1.43195776	0
2705	1.43194345	0
2706	1.43192914	0
2707	1.43191483	0
2708	1.43190052	0
2709	1.43188621	0
2710	1.4318719	0
2711	1.43185759	0
2712	1.43184328	0
2713	1.43182897	0
2714	1.43181466	0
2715	1.43180035	0
2716	1.43178604	0
2717	1.43177172	0
2718	1.43175741	0
2719	1.4317431	0
2720	1.43172879	0
2721	1.43171448	0
2722	1.43170017	0
2723	1.43168586	0
2724	1.43167155	0
2725	1.43165724	0
2726	1.43164293	0
2727	1.43162862	0
2728	1.43161431	0
2729	1.4316	0
2730	1.43158569	0
2731	1.43157138	0
2732	1.43155707	0
2733	1.43154276	0
2734	1.43152845	0
2735	1.43151414	0
2736	1.43149983	0
2737	1.43148552	0
2738	1.43147121	0
2739	1.4314569	0
2740	1.43144259	0
2741	1.43142828	0
2742	1.43141397	0
2743	1.43139966	0
2744	1.43138535	0
2745	1.43137104	0
2746	1.43135673	0
2747	1.43134242	0
2748	1.43132811	0
2749	1.4313138	0
2750	1.43129949	0
2751	1.43128518	0
2752	1.43127087	0
2753	1.43125656	0
2754	1.43124225	0
2755	1.43122794	0
2756	1.43121363	0
2757	1.43119932	0
2758	1.43118501	0
2759	1.4311707	0
2760	1.43115639	0
2761	1.43114208	0
2762	1.43112777	0
2763	1.43111346	0
2764	1.43109915	0
2765	1.43108484	0
2766	1.43107053	0
2767	1.43105622	0
2768	1.43104191	0
2769	1.4310276	0
2770	1.43101329	0
2771	1.43099898	0
2772	1.43098467	0
2773	1.43097036	0
2774	1.43095605	0
2775	1.43094174	0
2776	1.43092743	0
2777	1.43091312	0
2778	1.43089881	0
2779	1.4308845	0
2780	1.43087019	0
2781	1.43085588	0
2782	1.43084157	0
2783	1.43082726	0
2784	1.43081295	0
2785	1.43079864	0
2786	1.43078433	0
2787	1.43077002	0
2788	1.43075571	0
2789	1.4307414	0
2790	1.43072709	0
2791	1.43071278	0
2792	1.43069847	0
2793	1.43068416	0
2794	1.43066985	0
2795	1.43065554	0
2796	1.43064123	0
2797	1.43062692	0
2798	1.43061261	0
2799	1.4305983	0
2800	1.43058399	0
2801	1.43056968	0
2802	1.43055537	0
2803	1.43054105	0
2804	1.43052674	0
2805	1.43051243	0
2806	1.43049812	0
2807	1.43048381	0
2808	1.4304695	0
2809	1.43045519	0
2810	1.43044088	0
2811	1.43042657	0
2812	1.43041226	0
2813	1.43039795	0
2814	1.43038364	0
2815	1.43036933	0
2816	1.43035502	0
2817	1.43034071	0
2818	1.4303264	0
2819	1.43031209	0
2820	1.43029778	0
2821	1.43028347	0
2822	1.43026916	0
2823	1.43025485	0
2824	1.43024054	0
2825	1.43022623	0
2826	1.43021192	0
2827	1.43019761	0
2828	1.4301833	0
2829	1.43016899	0
2830	1.43015468	0
2831	1.43014037	0
2832	1.43012606	0
2833	1.43011175	0
2834	1.43009744	0
2835	1.43008313	0
2836	1.43006882	0
2837	1.43005451	0
2838	1.4300402	0
2839	1.43002589	0
2840	1.43001158	0
2841	1.42999727	0
2842	1.42998296	0
2843	1.42996865	0
2844	1.42995434	0
2845	1.42994003	0
2846	1.42992572	0
2847	1.42991141	0
2848	1.4298971	0
2849	1.42988279	0
2850	1.42986848	0
2851	1.42985417	0
2852	1.42983986	0
2853	1.42982555	0
2854	1.42981124	0
2855	1.42979693	0
2856	1.42978262	0
2857	1.42976831	0
2858	1.429754	0
2859	1.42973969	0
2860	1.42972538	0
2861	1.42971107	0
2862	1.42969676	0
2863	1.42968245	0
2864	1.42966814	0
2865	1.42965383	0
2866	1.42963952	0
2867	1.42962521	0
2868	1.4296109	0
2869	1.42959659	0
2870	1.42958228	0
2871	1.42956797	0
2872	1.42955366	0
2873	1.42953935	0
2874	1.42952504	0
2875	1.42951073	0
2876	1.42949642	0
2877	1.42948211	0
2878	1.4294678	0
2879	1.42945349	0
2880	1.42943918	0
2881	1.42942487	0
2882	1.42941056	0
2883	1.42939625	0
2884	1.42938194	0
2885	1.42936763	0
2886	1.42935332	0
2887	1.42933901	0
2888	1.42932469	0
2889	1.42931038	0
2890	1.42929607	0
2891	1.42928176	0
2892	1.42926745	0
2893	1.42925314	0
2894	1.42923883	0
2895	1.42922452	0
2896	1.42921021	0
2897	1.4291959	0
2898	1.42918159	0
2899	1.42916728	0
2900	1.42915297	0
2901	1.42913866	0
2902	1.42912435	0
2903	1.42911004	0
2904	1.42909573	0
2905	1.42908142	0
2906	1.42906711	0
2907	1.4290528	0
2908	1.42903849	0
2909	1.42902418	0
2910	1.42900987	0
2911	1.42899556	0
2912	1.42898125	0
2913	1.42896694	0
2914	1.42895263	0
2915	1.42893832	0
2916	1.42892401	0
2917	1.4289097	0
2918	1.42889539	0
2919	1.42888108	0
2920	1.42886677	0
2921	1.42885246	0
2922	1.42883815	0
2923	1.42882384	0
2924	1.42880953	0
2925	1.42879522	0
2926	1.42878091	0
2927	1.4287666	0
2928	1.42875229	0
2929	1.42873798	0
2930	1.42872367	0
2931	1.42870936	0
2932	1.42869505	0
2933	1.42868074	0
2934	1.42866643	0
2935	1.42865212	0
2936	1.42863781	0
2937	1.4286235	0
2938	1.42860919	0
2939	1.42859488	0
2940	1.42858057	0
2941	1.42856626	0
2942	1.42855195	0
2943	1.42853764	0
2944	1.42852333	0
2945	1.42850902	0
2946	1.42849471	0
2947	1.4284804	0
2948	1.42846609	0
2949	1.42845178	0
2950	1.42843747	0
2951	1.42842316	0
2952	1.42840885	0
2953	1.42839454	0
2954	1.42838023	0
2955	1.42836592	0
2956	1.42835161	0
2957	1.4283373	0
2958	1.42832299	0
2959	1.42830868	0
2960	1.42829437	0
2961	1.42828006	0
2962	1.42826575	0
2963	1.42825144	0
2964	1.42823713	0
2965	1.42822282	0
2966	1.42820851	0
2967	1.4281942	0
2968	1.42817989	0
2969	1.42816558	0
2970	1.42815127	0
2971	1.42813696	0
2972	1.42812265	0
2973	1.42810834	0
2974	1.42809402	0
2975	1.42807971	0
2976	1.4280654	0
2977	1.42805109	0
2978	1.42803678	0
2979	1.42802247	0
2980	1.42800816	0
2981	1.42799385	0
2982	1.42797954	0
2983	1.42796523	0
2984	1.42795092	0
2985	1.42793661	0
2986	1.4279223	0
2987	1.42790799	0
2988	1.42789368	0
2989	1.42787937	0
2990	1.42786506	0
2991	1.42785075	0
2992	1.42783644	0
2993	1.42782213	0
2994	1.42780782	0
2995	1.42779351	0
2996	1.4277792	0
2997	1.42776489	0
2998	1.42775058	0
2999	1.42773627	0
3000	1.42772196	0
3001	1.42770765	0
3002	1.42769334	0
3003	1.42767903	0
3004	1.42766472	0
3005	1.42765041	0
3006	1.4276361	0
3007	1.42762179	0
3008	1.42760748	0
3009	1.42759317	0
3010	1.42757886	0
3011	1.42756455	0
3012	1.42755024	0
3013	1.42753593	0
3014	1.42752162	0
3015	1.42750731	0
3016	1.427493	0
3017	1.42747869	0
3018	1.42746438	0
3019	1.42745007	0
3020	1.42743576	0
3021	1.42742145	0
3022	1.42740714	0
3023	1.42739283	0
3024	1.42737852	0
3025	1.42736421	0
3026	1.4273499	0
3027	1.42733559	0
3028	1.42732128	0
3029	1.42730697	0
3030	1.42729266	0
3031	1.42727835	0
3032	1.42726404	0
3033	1.42724973	0
3034	1.42723542	0
3035	1.42722111	0
3036	1.4272068	0
3037	1.42719249	0
3038	1.42717818	0
3039	1.42716387	0
3040	1.42714956	0
3041	1.42713525	0
3042	1.42712094	0
3043	1.42710663	0
3044	1.42709232	0
3045	1.42707801	0
3046	1.4270637	0
3047	1.42704939	0
3048	1.42703508	0
3049	1.42702077	0
3050	1.42700646	0
3051	1.42699215	0
3052	1.42697784	0
3053	1.42696353	0
3054	1.42694922	0
3055	1.42693491	0
3056	1.4269206	0
3057	1.42690629	0
3058	1.42689198	0
3059	1.42687767	0
3060	1.42686335	0
3061	1.42684904	0
3062	1.42683473	0
3063	1.42682042	0
3064	1.42680611	0
3065	1.4267918	0
3066	1.42677749	0
3067	1.42676318	0
3068	1.42674887	0
3069	1.42673456	0
3070	1.42672025	0
3071	1.42670594	0
3072	1.42669163	0
3073	1.42667732	0
3074	1.42666301	0
3075	1.4266487	0
3076	1.42663439	0
3077	1.42662008	0
3078	1.42660577	0
3079	1.42659146	0
3080	1.42657715	0
3081	1.42656284	0
3082	1.42654853	0
3083	1.42653422	0
3084	1.42651991	0
3085	1.4265056	0
3086	1.42649129	0
3087	1.42647698	0
3088	1.42646267	0
3089	1.42644836	0
3090	1.42643405	0
3091	1.42641974	0
3092	1.42640543	0
3093	1.42639112	0
3094	1.42637681	0
3095	1.4263625	0
3096	1.42634819	0
3097	1.42633388	0
3098	1.42631957	0
3099	1.42630526	0
3100	1.42629095	0
3101	1.42627664	0
3102	1.42626233	0
3103	1.42624802	0
3104	1.42623371	0
3105	1.4262194	0
3106	1.42620509	0
3107	1.42619078	0
3108	1.42617647	0
3109	1.42616216	0
3110	1.42614785	0
3111	1.42613354	0
3112	1.42611923	0
3113	1.42610492	0
3114	1.42609061	0
3115	1.4260763	0
3116	1.42606199	0
3117	1.42604768	0
3118	1.42603337	0
3119	1.42601906	0
3120	1.42600475	0
3121	1.42599044	0
3122	1.42597613	0
3123	1.42596182	0
3124	1.42594751	0
3125	1.4259332	0
3126	1.42591889	0
3127	1.42590458	0
3128	1.42589027	0
3129	1.42587596	0
3130	1.42586165	0
3131	1.42584734	0
3132	1.42583303	0
3133	1.42581872	0
3134	1.42580441	0
3135	1.4257901	0
3136	1.42577579	0
3137	1.42576148	0
3138	1.42574717	0
3139	1.42573286	0
3140	1.42571855	0
3141	1.42570424	0
3142	1.42568993	0
3143	1.42567562	0
3144	1.42566131	0
3145	1.42564699	0
3146	1.42563268	0
3147	1.42561837	0
3148	1.42560406	0
3149	1.42558975	0
3150	1.42557544	0
3151	1.42556113	0
3152	1.42554682	0
3153	1.42553251	0
3154	1.4255182	0
3155	1.42550389	0
3156	1.42548958	0
3157	1.42547527	0
3158	1.42546096	0
3159	1.42544665	0
3160	1.42543234	0
3161	1.42541803	0
3162	1.42540372	0
3163	1.42538941	0
3164	1.4253751	0
3165	1.42536079	0
3166	1.42534648	0
3167	1.42533217	0
3168	1.42531786	0
3169	1.42530355	0
3170	1.42528924	0
3171	1.42527493	0
3172	1.42526062	0
3173	1.42524631	0
3174	1.425232	0
3175	1.42521769	0
3176	1.42520338	0
3177	1.42518907	0
3178	1.42517476	0
3179	1.42516045	0
3180	1.42514614	0
3181	1.42513183	0
3182	1.42511752	0
3183	1.42510321	0
3184	1.4250889	0
3185	1.42507459	0
3186	1.42506028	0
3187	1.42504597	0
3188	1.42503166	0
3189	1.42501735	0
3190	1.42500304	0
3191	1.42498873	0
3192	1.42497442	0
3193	1.42496011	0
3194	1.4249458	0
3195	1.42493149	0
3196	1.42491718	0
3197	1.42490287	0
3198	1.42488856	0
3199	1.42487425	0
3200	1.42485994	0
3201	1.42484563	0
3202	1.42483132	0
3203	1.42481701	0
3204	1.4248027	0
3205	1.42478839	0
3206	1.42477408	0
3207	1.42475977	0
3208	1.42474546	0
3209	1.42473115	0
3210	1.42471684	0
3211	1.42470253	0
3212	1.42468822	0
3213	1.42467391	0
3214	1.4246596	0
3215	1.42464529	0
3216	1.42463098	0
3217	1.42461667	0
3218	1.42460236	0
3219	1.42458805	0
3220	1.42457374	0
3221	1.42455943	0
3222	1.42454512	0
3223	1.42453081	0
3224	1.4245165	0
3225	1.42450219	0
3226	1.42448788	0
3227	1.42447357	0
3228	1.42445926	0
3229	1.42444495	0
3230	1.42443064	0
3231	1.42441632	0
3232	1.42440201	0
3233	1.4243877	0
3234	1.42437339	0
3235	1.42435908	0
3236	1.42434477	0
3237	1.42433046	0
3238	1.42431615	0
3239	1.42430184	0
3240	1.42428753	0
3241	1.42427322	0
3242	1.42425891	0
3243	1.4242446	0
3244	1.42423029	0
3245	1.42421598	0
3246	1.42420167	0
3247	1.42418736	0
3248	1.42417305	0
3249	1.42415874	0
3250	1.42414443	0
3251	1.42413012	0
3252	1.42411581	0
3253	1.4241015	0
3254	1.42408719	0
3255	1.42407288	0
3256	1.42405857	0
3257	1.42404426	0
3258	1.42402995	0
3259	1.42401564	0
3260	1.42400133	0
3261	1.42398702	0
3262	1.42397271	0
3263	1.4239584	0
3264	1.42394409	0
3265	1.42392978	0
3266	1.42391547	0
3267	1.42390116	0
3268	1.42388685	0
3269	1.42387254	0
3270	1.42385823	0
3271	1.42384392	0
3272	1.42382961	0
3273	1.4238153	0
3274	1.42380099	0
3275	1.42378668	0
3276	1.42377237	0
3277	1.42375806	0
3278	1.42374375	0
3279	1.42372944	0
3280	1.42371513	0
3281	1.42370082	0
3282	1.42368651	0
3283	1.4236722	0
3284	1.42365789	0
3285	1.42364358	0
3286	1.42362927	0
3287	1.42361496	0
3288	1.42360065	0
3289	1.42358634	0
3290	1.42357203	0
3291	1.42355772	0
3292	1.42354341	0
3293	1.4235291	0
3294	1.42351479	0
3295	1.42350048	0
3296	1.42348617	0
3297	1.42347186	0
3298	1.42345755	0
3299	1.42344324	0
3300	1.42342893	0