300	1.83348503	1.88271103
301	1.839706	1.88069115
302	1.84571177	1.87847119
303	1.85149407	1.87606026
304	1.85704511	1.8734679
305	1.86235754	1.87070409
306	1.86742449	1.86777921
307	1.87223963	1.86470402
308	1.87679717	1.86148961
309	1.8810919	1.85814742
310	1.88511918	1.85468915
311	1.88887502	1.85112676
312	1.89235604	1.84747245
313	1.8955595	1.84373856
314	1.89848335	1.83993759
315	1.90112621	1.83608216
316	1.90348736	1.83218492
317	1.9055668	1.82825854
318	1.90736518	1.82431569
319	1.90888388	1.82036894
320	1.91012494	1.81643078
321	1.91109107	1.81251351
322	1.91178568	1.80862928
323	1.9122128	1.80478997
324	1.91237712	1.8010072
325	1.91228394	1.79729228
326	1.91193916	1.79365614
327	1.91134925	1.79010937
328	1.91052124	1.78666209
329	1.90946267	1.78332401
330	1.90818157	1.78010432
331	1.90668643	1.77701173
332	1.90498617	1.7740544
333	1.90309008	1.77123993
334	1.90100782	1.76857535
335	1.89874935	1.7660671
336	1.89632491	1.763721
337	1.89374499	1.76154226
338	1.89102025	1.75953544
339	1.88816154	1.7577045
340	1.88517979	1.75605272
341	1.88208604	1.75458276
342	1.87889136	1.75329664
343	1.87560681	1.75219574
344	1.87224344	1.7512808
345	1.86881219	1.75055197
346	1.86532393	1.75000875
347	1.86178936	1.74965009
348	1.858219	1.74947431
349	1.85462319	1.7494792
350	1.851012	1.74966199
351	1.84739525	1.7500194
352	1.84378247	1.75054764
353	1.84018286	1.75124243
354	1.83660527	1.75209905
355	1.83305822	1.75311235
356	1.82954981	1.75427677
357	1.82608777	1.75558639
358	1.82267939	1.75703492
359	1.81933157	1.75861578
360	1.81605072	1.76032208
361	1.81284285	1.76214666
362	1.80971349	1.76408216
363	1.80666772	1.76612097
364	1.80371015	1.76825533
365	1.80084492	1.77047734
366	1.79807572	1.77277895
367	1.79540577	1.77515204
368	1.79283781	1.77758839
369	1.79037416	1.78007975
370	1.78801665	1.78261786
371	1.78576669	1.78519444
372	1.78362525	1.78780125
373	1.78159287	1.79043008
374	1.77966966	1.7930728
375	1.77785533	1.79572134
376	1.77614922	1.79836776
377	1.77455024	1.80100422
378	1.77305697	1.80362302
379	1.77166759	1.8062166
380	1.77037998	1.80877758
381	1.76919164	1.81129873
382	1.76809979	1.81377302
383	1.76710133	1.81619362
384	1.76619287	1.81855391
385	1.76537073	1.82084747
386	1.76463098	1.8230681
387	1.76396944	1.82520986
388	1.76338168	1.82726702
389	1.76286307	1.8292341
390	1.76240875	1.83110587
391	1.76201367	1.83287734
392	1.76167259	1.83454379
393	1.76138011	1.83610076
394	1.76113066	1.83754403
395	1.76091853	1.83886967
396	1.76073788	1.840074
397	1.76058272	1.84115361
398	1.76044697	1.84210535
399	1.76032446	1.84292635
400	1.7602089	1.84361401
401	1.76009394	1.84416597
402	1.75997315	1.84458017
403	1.75984005	1.84485481
404	1.75968811	1.84498835
405	1.75951074	1.84497951
406	1.75930136	1.84482728
407	1.75905334	1.84453091
408	1.75876003	1.84408993
409	1.75841481	1.84350408
410	1.75801104	1.84277342
411	1.75754211	1.8418982
412	1.75700143	1.84087897
413	1.75638243	1.8397165
414	1.7556786	1.83841181
415	1.75488346	1.83696618
416	1.7539906	1.83538109
417	1.75299368	1.8336583
418	1.75188641	1.83179977
419	1.7506626	1.8298077
420	1.74931614	1.8276845
421	1.74784101	1.82543282
422	1.74623131	1.82305551
423	1.74448124	1.82055561
424	1.7425851	1.81793641
425	1.74053736	1.81520134
426	1.73833258	1.81235408
427	1.73596548	1.80939845
428	1.73343093	1.80633848
429	1.73072396	1.80317834
430	1.72783975	1.79992238
431	1.72477366	1.79657512
432	1.72152125	1.7931412
433	1.71807824	1.7896254
434	1.71444059	1.78603263
435	1.71060447	1.78236791
436	1.70656626	1.77863633
437	1.70232262	1.77484308
438	1.69787048	1.77099335
439	1.69320709	1.76709237
440	1.68833004	1.76314529
441	1.68323739	1.75915717
442	1.67792774	1.75513275
443	1.67240052	1.75107625
444	1.66665664	1.74699067
445	1.66070125	1.74287323
446	1.65451942	1.7387056
447	1.64808754	1.73450127
448	1.64139805	1.73027406
449	1.63444588	1.72603543
450	1.6272271	1.72179593
451	1.61973851	1.71756564
452	1.61197745	1.71335436
453	1.60394171	1.7091717
454	1.59562945	1.70502719
455	1.58703917	1.70093028
456	1.57816971	1.69689041
457	1.5690202	1.69291698
458	1.55959005	1.68901942
459	1.54987897	1.68520716
460	1.53988697	1.68148966
461	1.52961431	1.67787642
462	1.51906155	1.67437697
463	1.50822956	1.67100089
464	1.49711946	1.66775779
465	1.4857327	1.66465736
466	1.47407103	1.66170929
467	1.4621365	1.65892337
468	1.44993151	1.65630939
469	1.43745876	1.65387721
470	1.42472134	1.65163672
471	1.41172266	1.64959786
472	1.39846652	1.64777057
473	1.38495711	1.64616483
474	1.37119902	1.64479063
475	1.35719725	1.64365794
476	1.34295724	1.64277674
477	1.32848488	1.64215697
478	1.31378654	1.6418085
479	1.29886905	1.64174115
480	1.28373975	1.64196465
481	1.2684065	1.64248858
482	1.25287768	1.64332241
483	1.23716221	1.64447539
484	1.22126958	1.64595657
485	1.20520981	1.64777475
486	1.18899353	1.64993842
487	1.17263188	1.65245573
488	1.15613663	1.65533445
489	1.13952006	1.65858191
490	1.12279505	1.66220496
491	1.10597497	1.66620991
492	1.08907373	1.67060246
493	1.07210574	1.67538771
494	1.05508584	1.68057003
495	1.0380293	1.68615307
496	1.02095177	1.69213967
497	1.0038692	1.69853185
498	0.986797814	1.70533075
499	0.969754031	1.7125366
500	0.952754402	1.72014868
501	0.935815531	1.72816532
502	0.918954006	1.73658389
503	0.902186319	1.74540073
504	0.885528782	1.75461124
505	0.868997452	1.76420983
506	0.852608049	1.77418997
507	0.836375878	1.78454417
508	0.820315759	1.7952641
509	0.804441952	1.80634053
510	0.788768095	1.81776348
511	0.773307146	1.82952218
512	0.758071331	1.84160522
513	0.743072098	1.85400055
514	0.728320081	1.86669558
515	0.71382507	1.87967726
516	0.699595992	1.89293211
517	0.685640893	1.90644632
518	0.671966933	1.92020585
519	0.658580388	1.93419643
520	0.645486653	1.94840368
521	0.632690256	1.96281318
522	0.620194876	1.97741048
523	0.608003364	1.99218119
524	0.596117766	2.00711105
525	0.584539358	2.02218594
526	0.57326867	2.03739195
527	0.562305523	2.0527154
528	0.551649062	2.06814289
529	0.541297794	2.08366134
530	0.53124962	2.099258
531	0.521501873	2.11492046
532	0.512051354	2.13063671
533	0.502894366	2.14639515
534	0.494026751	2.16218455
535	0.485443921	2.17799414
536	0.477140892	2.19381357
537	0.469112317	2.20963294
538	0.461352516	2.22544278
539	0.453855505	2.24123409
540	0.446615027	2.2569983
541	0.439624577	2.27272732
542	0.432877432	2.28841351
543	0.426366674	2.30404967
544	0.420085215	2.31962907
545	0.414025824	2.33514541
546	0.408181146	2.35059285
547	0.402543728	2.365966
548	0.397106037	2.38125989
549	0.391860485	2.39646999
550	0.386799444	2.41159219
551	0.381915273	2.42662281
552	0.377200329	2.44155858
553	0.372646992	2.45639662
554	0.368247676	2.47113446
555	0.363994853	2.48577001
556	0.359881067	2.50030157
557	0.355898948	2.51472779
558	0.352041229	2.5290477
559	0.348300762	2.54326065
560	0.344670531	2.55736634
561	0.341143665	2.5713648
562	0.337713453	2.58525635
563	0.334373353	2.59904164
564	0.331117007	2.61272157
565	0.32793825	2.62629734
566	0.324831119	2.63977039
567	0.321789863	2.6531424
568	0.318808955	2.6664153
569	0.315883095	2.67959121
570	0.313007216	2.69267246
571	0.310176496	2.70566157
572	0.307386358	2.7185612
573	0.304632474	2.73137419
574	0.301910774	2.7441035
575	0.29921744	2.75675221
576	0.296548915	2.76932352
577	0.2939019	2.78182069
578	0.291273354	2.79424708
579	0.288660493	2.8066061
580	0.286060789	2.8189012
581	0.283471968	2.83113585
582	0.280892004	2.84331355
583	0.278319115	2.85543778
584	0.275751761	2.86751203
585	0.273188633	2.87953975
586	0.270628653	2.89152436
587	0.26807096	2.9034692
588	0.265514908	2.91537759
589	0.262960056	2.92725275
590	0.260406156	2.93909783
591	0.257853149	2.95091588
592	0.255301152	2.96270985
593	0.25275045	2.9744826
594	0.250201484	2.98623684
595	0.247654842	2.99797518
596	0.245111249	3.00970012
597	0.242571554	3.021414
598	0.24003672	3.03311904
599	0.237507816	3.04481731
600	0.234986003	3.05651075
601	0.232472523	3.06820116
602	0.229968693	3.07989017
603	0.227475889	3.09157931
604	0.224995538	3.10326993
605	0.222529112	3.11496325
606	0.220078113	3.12666034
607	0.217644065	3.13836215
608	0.215228507	3.15006947
609	0.212832983	3.16178296
610	0.210459037	3.17350317
611	0.208108199	3.18523049
612	0.205781984	3.19696523
613	0.203481883	3.20870753
614	0.201209355	3.22045747
615	0.198965825	3.23221498
616	0.196752675	3.2439799
617	0.194571241	3.25575199
618	0.19242281	3.2675309
619	0.190308611	3.27931619
620	0.188229819	3.29110735
621	0.186187546	3.3029038
622	0.18418284	3.31470487
623	0.182216685	3.32650986
624	0.180289997	3.33831797
625	0.178403623	3.35012839
626	0.176558343	3.36194024
627	0.174754863	3.37375259
628	0.172993823	3.38556451
629	0.17127579	3.39737501
630	0.169601262	3.40918307
631	0.167970669	3.42098768
632	0.166384373	3.43278777
633	0.164842667	3.4445823
634	0.163345782	3.4563702
635	0.161893881	3.46815039
636	0.160487068	3.4799218
637	0.159125387	3.49168337
638	0.157808821	3.50343402
639	0.1565373	3.5151727
640	0.155310698	3.52689836
641	0.15412884	3.53860997
642	0.152991501	3.55030651
643	0.151898408	3.56198698
644	0.150849246	3.5736504
645	0.149843658	3.5852958
646	0.148881249	3.59692225
647	0.147961586	3.60852882
648	0.147084203	3.62011461
649	0.146248602	3.63167876
650	0.145454258	3.6432204
651	0.144700618	3.6547387
652	0.143987106	3.66623286
653	0.143313122	3.67770209
654	0.142678051	3.68914561
655	0.142081257	3.70056266
656	0.14152209	3.71195251
657	0.14099989	3.72331442
658	0.140513984	3.73464766
659	0.14006369	3.74595149
660	0.139648321	3.75722517
661	0.139267187	3.76846792
662	0.138919594	3.7796789
663	0.138604851	3.79085722
664	0.13832227	3.80200179
665	0.138071177	3.81311127
666	0.137850922	3.82418358
667	0.137659096	3.8352137
668	0.137486556	3.84620236
669	0.137331618	3.85715419
670	0.137193746	3.86807114
671	0.137072431	3.87895449
672	0.13696718	3.88980519
673	0.136877508	3.90062402
674	0.136802942	3.91141164
675	0.136743017	3.92216863
676	0.136697274	3.93289551
677	0.136665265	3.94359275
678	0.136646547	3.95426081
679	0.13664069	3.96490011
680	0.136647267	3.97551104
681	0.136665865	3.98609399
682	0.136696077	3.99664933
683	0.136737506	4.00717743
684	0.136789764	4.01767863
685	0.136852474	4.0281533
686	0.136925266	4.03860177
687	0.137007782	4.04902437
688	0.137099671	4.05942144
689	0.137200596	4.06979332
690	0.137310225	4.08014032
691	0.137428239	4.09046277
692	0.137554326	4.10076099
693	0.137688187	4.1110353
694	0.137829529	4.12128601
695	0.13797807	4.13151344
696	0.138133538	4.14171789
697	0.138295669	4.15189968
698	0.138464209	4.1620591
699	0.138638911	4.17219647
700	0.138819539	4.18231208
701	0.139005865	4.19240623
702	0.139197667	4.20247921
703	0.139394736	4.21253132
704	0.139596866	4.22256284
705	0.139803861	4.23257406
706	0.140015534	4.24256526
707	0.140231704	4.25253672
708	0.140452195	4.26248872
709	0.140676842	4.27242154
710	0.140905485	4.28233543
711	0.141137971	4.29223067
712	0.141374151	4.30210752
713	0.141613886	4.31196623
714	0.141857041	4.32180708
715	0.142103486	4.33163029
716	0.142353099	4.34143613
717	0.14260576	4.35122484
718	0.142861358	4.36099667
719	0.143119785	4.37075184
720	0.143380937	4.38049059
721	0.143644716	4.39021315
722	0.143911028	4.39991976
723	0.144179784	4.40961062
724	0.144450899	4.41928597
725	0.144724289	4.42894602
726	0.144999879	4.43859097
727	0.145277594	4.44822104
728	0.145557364	4.45783644
729	0.14583912	4.46743736
730	0.1461228	4.477024
731	0.146408342	4.48659656
732	0.146695689	4.49615522
733	0.146984784	4.50570019
734	0.147275576	4.51523163
735	0.147568015	4.52474973
736	0.147862053	4.53425467
737	0.148157644	4.54374663
738	0.148454747	4.55322577
739	0.14875332	4.56269227
740	0.149053324	4.57214628
741	0.149354723	4.58158797
742	0.149657481	4.59101751
743	0.149961566	4.60043504
744	0.150266944	4.60984072
745	0.150573588	4.6192347
746	0.150881467	4.62861713
747	0.151190555	4.63798815
748	0.151500825	4.64734791
749	0.151812255	4.65669655
750	0.15212482	4.6660342
751	0.152438497	4.675361
752	0.152753268	4.68467708
753	0.15306911	4.69398257
754	0.153386006	4.70327761
755	0.153703937	4.7125623
756	0.154022887	4.72183678
757	0.154342839	4.73110118
758	0.154663778	4.7403556
759	0.154985689	4.74960016
760	0.155308558	4.75883498
761	0.155632372	4.76806017
762	0.155957118	4.77727584
763	0.156282785	4.78648211
764	0.15660936	4.79567907
765	0.156936834	4.80486683
766	0.157265196	4.8140455
767	0.157594436	4.82321517
768	0.157924545	4.83237595
769	0.158255513	4.84152793
770	0.158587333	4.85067121
771	0.158919996	4.85980589
772	0.159253495	4.86893205
773	0.159587822	4.87804979
774	0.159922971	4.88715921
775	0.160258934	4.89626037
776	0.160595705	4.90535339
777	0.160933278	4.91443833
778	0.161271648	4.92351528
779	0.161610808	4.93258434
780	0.161950754	4.94164557
781	0.16229148	4.95069906
782	0.162632982	4.95974489
783	0.162975254	4.96878314
784	0.163318293	4.97781387
785	0.163662094	4.98683718
786	0.164006653	4.99585312
787	0.164351966	5.00486179
788	0.164698029	5.01386324
789	0.165044839	5.02285754
790	0.165392392	5.03184478
791	0.165740685	5.04082501
792	0.166089714	5.04979831
793	0.166439477	5.05876474
794	0.16678997	5.06772436
795	0.167141191	5.07667725
796	0.167493136	5.08562347
797	0.167845804	5.09456307
798	0.168199191	5.10349613
799	0.168553295	5.1124227
800	0.168908114	5.12134284
801	0.169263645	5.13025661
802	0.169619886	5.13916408
803	0.169976835	5.1480653
804	0.170334489	5.15696033
805	0.170692847	5.16584922
806	0.171051907	5.17473202
807	0.171411667	5.18360881
808	0.171772124	5.19247962
809	0.172133278	5.20134451
810	0.172495125	5.21020354
811	0.172857666	5.21905676
812	0.173220897	5.22790422
813	0.173584817	5.23674596
814	0.173949425	5.24558205
815	0.17431472	5.25441252
816	0.174680699	5.26323743
817	0.175047361	5.27205683
818	0.175414705	5.28087077
819	0.17578273	5.28967928
820	0.176151433	5.29848242
821	0.176520815	5.30728024
822	0.176890872	5.31607278
823	0.177261606	5.32486008
824	0.177633013	5.33364219
825	0.178005093	5.34241915
826	0.178377844	5.351191
827	0.178751266	5.3599578
828	0.179125358	5.36871958
829	0.179500117	5.37747638
830	0.179875544	5.38622824
831	0.180251637	5.39497521
832	0.180628396	5.40371732
833	0.181005818	5.41245462
834	0.181383904	5.42118714
835	0.181762652	5.42991492
836	0.182142061	5.43863801
837	0.182522131	5.44735644
838	0.18290286	5.45607025
839	0.183284248	5.46477947
840	0.183666293	5.47348414
841	0.184048995	5.4821843
842	0.184432354	5.49087999
843	0.184816367	5.49957124
844	0.185201035	5.50825808
845	0.185586357	5.51694055
846	0.185972332	5.52561869
847	0.186358958	5.53429253
848	0.186746236	5.5429621
849	0.187134165	5.55162744
850	0.187522744	5.56028858
851	0.187911972	5.56894555
852	0.188301848	5.57759839
853	0.188692373	5.58624712
854	0.189083544	5.59489179
855	0.189475363	5.60353241
856	0.189867827	5.61216903
857	0.190260937	5.62080167
858	0.190654691	5.62943036
859	0.191049089	5.63805513
860	0.191444131	5.64667602
861	0.191839816	5.65529305
862	0.192236144	5.66390626
863	0.192633113	5.67251566
864	0.193030723	5.6811213
865	0.193428974	5.68972319
866	0.193827866	5.69832137
867	0.194227397	5.70691587
868	0.194627567	5.7155067
869	0.195028376	5.72409391
870	0.195429824	5.73267752
871	0.195831908	5.74125754
872	0.196234631	5.74983402
873	0.19663799	5.75840698
874	0.197041985	5.76697644
875	0.197446616	5.77554242
876	0.197851883	5.78410496
877	0.198257785	5.79266408
878	0.198664321	5.80121981
879	0.199071492	5.80977217
880	0.199479296	5.81832118
881	0.199887734	5.82686687
882	0.200296805	5.83540926
883	0.200706508	5.84394838
884	0.201116844	5.85248425
885	0.201527812	5.8610169
886	0.201939411	5.86954634
887	0.202351641	5.87807261
888	0.202764502	5.88659572
889	0.203177994	5.89511569
890	0.203592116	5.90363256
891	0.204006868	5.91214634
892	0.204422249	5.92065705
893	0.204838259	5.92916472
894	0.205254899	5.93766936
895	0.205672167	5.94617101
896	0.206090063	5.95466968
897	0.206508587	5.96316539
898	0.20692774	5.97165816
899	0.207347519	5.98014802
900	0.207767926	5.98863498
901	0.20818896	5.99711907
902	0.20861062	6.0056003
903	0.209032907	6.0140787
904	0.20945582	6.02255428
905	0.20987936	6.03102707
906	0.210303524	6.03949709
907	0.210728315	6.04796435
908	0.211153731	6.05642887
909	0.211579771	6.06489068
910	0.212006437	6.07334979
911	0.212433727	6.08180622
912	0.212861642	6.09025999
913	0.213290181	6.09871112
914	0.213719344	6.10715963
915	0.214149131	6.11560553
916	0.214579541	6.12404885
917	0.215010576	6.13248959
918	0.215442233	6.14092779
919	0.215874514	6.14936345
920	0.216307418	6.1577966
921	0.216740944	6.16622725
922	0.217175093	6.17465542
923	0.217609865	6.18308112
924	0.218045259	6.19150438
925	0.218481276	6.1999252
926	0.218917915	6.20834362
927	0.219355175	6.21675964
928	0.219793058	6.22517327
929	0.220231562	6.23358455
930	0.220670688	6.24199347
931	0.221110436	6.25040007
932	0.221550805	6.25880435
933	0.221991795	6.26720633
934	0.222433406	6.27560602
935	0.222875639	6.28400345
936	0.223318492	6.29239862
937	0.223761967	6.30079156
938	0.224206062	6.30918227
939	0.224650778	6.31757078
940	0.225096115	6.3259571
941	0.225542073	6.33434124
942	0.225988651	6.34272321
943	0.226435849	6.35110304
944	0.226883668	6.35948074
945	0.227332107	6.36785631
946	0.227781166	6.37622979
947	0.228230846	6.38460117
948	0.228681146	6.39297048
949	0.229132066	6.40133772
950	0.229583606	6.40970292
951	0.230035766	6.41806609
952	0.230488546	6.42642723
953	0.230941946	6.43478637
954	0.231395966	6.44314351
955	0.231850606	6.45149868
956	0.232305866	6.45985188
957	0.232761746	6.46820313
958	0.233218245	6.47655244
959	0.233675365	6.48489982
960	0.234133104	6.49324529
961	0.234591463	6.50158885
962	0.235050442	6.50993054
963	0.235510041	6.51827034
964	0.235970259	6.52660828
965	0.236431098	6.53494438
966	0.236892556	6.54327863
967	0.237354634	6.55161107
968	0.237817332	6.55994169
969	0.238280649	6.5682705
970	0.238744587	6.57659754
971	0.239209144	6.58492279
972	0.239674322	6.59324628
973	0.240140119	6.60156802
974	0.240606537	6.60988802
975	0.241073574	6.61820629
976	0.241541231	6.62652284
977	0.242009509	6.63483768
978	0.242478406	6.64315084
979	0.242947924	6.65146231
980	0.243418062	6.6597721
981	0.24388882	6.66808024
982	0.244360199	6.67638673
983	0.244832197	6.68469159
984	0.245304817	6.69299481
985	0.245778056	6.70129642
986	0.246251917	6.70959643
987	0.246726397	6.71789484
988	0.247201499	6.72619166
989	0.247677221	6.73448692
990	0.248153564	6.74278061
991	0.248630528	6.75107276
992	0.249108112	6.75936336
993	0.249586318	6.76765243
994	0.250065145	6.77593998
995	0.250544593	6.78422602
996	0.251024662	6.79251056
997	0.251505352	6.80079361
998	0.251986664	6.80907519
999	0.252468597	6.81735529
1000	0.252951152	6.82563393
1001	0.253434329	6.83391113
1002	0.253918127	6.84218688
1003	0.254402548	6.85046121
1004	0.25488759	6.85873411
1005	0.255373254	6.86700561
1006	0.255859541	6.8752757
1007	0.256346449	6.8835444
1008	0.25683398	6.89181172
1009	0.257322134	6.90007767
1010	0.25781091	6.90834226
1011	0.258300309	6.91660549
1012	0.258790331	6.92486738
1013	0.259280976	6.93312793
1014	0.259772243	6.94138716
1015	0.260264134	6.94964506
1016	0.260756649	6.95790166
1017	0.261249786	6.96615697
1018	0.261743548	6.97441098
1019	0.262237933	6.98266371
1020	0.262732941	6.99091517
1021	0.263228574	6.99916536
1022	0.263724831	7.0074143
1023	0.264221712	7.01566199
1024	0.264719217	7.02390845
1025	0.265217347	7.03215367
1026	0.265716102	7.04039768
1027	0.266215481	7.04864047
1028	0.266715486	7.05688206
1029	0.267216115	7.06512245
1030	0.267717369	7.07336166
1031	0.268219249	7.08159969
1032	0.268721755	7.08983655
1033	0.269224886	7.09807224
1034	0.269728643	7.10630678
1035	0.270233026	7.11454018
1036	0.270738035	7.12277243
1037	0.27124367	7.13100356
1038	0.271749932	7.13923356
1039	0.272256821	7.14746245
1040	0.272764336	7.15569023
1041	0.273272478	7.16391692
1042	0.273781248	7.17214251
1043	0.274290644	7.18036702
1044	0.274800668	7.18859046
1045	0.27531132	7.19681282
1046	0.2758226	7.20503413
1047	0.276334507	7.21325438
1048	0.276847043	7.22147359
1049	0.277360207	7.22969176
1050	0.277874	7.2379089
1051	0.278388421	7.24612501
1052	0.278903471	7.25434011
1053	0.279419151	7.2625542
1054	0.279935459	7.27076729
1055	0.280452397	7.27897939
1056	0.280969965	7.2871905
1057	0.281488162	7.29540063
1058	0.28200699	7.30360979
1059	0.282526447	7.31181798
1060	0.283046536	7.32002521
1061	0.283567254	7.3282315
1062	0.284088604	7.33643684
1063	0.284610584	7.34464124
1064	0.285133196	7.3528447
1065	0.285656439	7.36104725
1066	0.286180314	7.36924888
1067	0.28670482	7.3774496
1068	0.287229959	7.38564941
1069	0.287755729	7.39384833
1070	0.288282132	7.40204636
1071	0.288809168	7.4102435
1072	0.289336837	7.41843977
1073	0.289865139	7.42663517
1074	0.290394073	7.4348297
1075	0.290923642	7.44302337
1076	0.291453844	7.4512162
1077	0.29198468	7.45940818
1078	0.29251615	7.46759932
1079	0.293048255	7.47578963
1080	0.293580994	7.48397912
1081	0.294114368	7.49216778
1082	0.294648377	7.50035564
1083	0.295183021	7.50854268
1084	0.295718301	7.51672893
1085	0.296254216	7.52491438
1086	0.296790768	7.53309904
1087	0.297327955	7.54128292
1088	0.297865779	7.54946603
1089	0.298404239	7.55764836
1090	0.298943337	7.56582994
1091	0.299483071	7.57401075
1092	0.300023443	7.58219081
1093	0.300564452	7.59037013
1094	0.3011061	7.5985487
1095	0.301648385	7.60672654
1096	0.302191308	7.61490366
1097	0.30273487	7.62308005
1098	0.303279071	7.63125572
1099	0.303823911	7.63943068
1100	0.30436939	7.64760494
1101	0.304915509	7.6557785
1102	0.305462267	7.66395136
1103	0.306009665	7.67212354
1104	0.306557704	7.68029503
1105	0.307106383	7.68846584
1106	0.307655703	7.69663599
1107	0.308205664	7.70480547
1108	0.308756266	7.71297428
1109	0.30930751	7.72114245
1110	0.309859395	7.72930996
1111	0.310411923	7.73747683
1112	0.310965092	7.74564306
1113	0.311518905	7.75380865
1114	0.31207336	7.76197362
1115	0.312628458	7.77013797
1116	0.313184199	7.77830169
1117	0.313740584	7.78646481
1118	0.314297613	7.79462732
1119	0.314855287	7.80278923
1120	0.315413604	7.81095054
1121	0.315972566	7.81911126
1122	0.316532173	7.82727139
1123	0.317092426	7.83543095
1124	0.317653323	7.84358992
1125	0.318214867	7.85174833
1126	0.318777056	7.85990617
1127	0.319339892	7.86806345
1128	0.319903375	7.87622018
1129	0.320467504	7.88437635
1130	0.32103228	7.89253198
1131	0.321597704	7.90068707
1132	0.322163776	7.90884162
1133	0.322730495	7.91699564
1134	0.323297863	7.92514913
1135	0.323865879	7.93330211
1136	0.324434544	7.94145457
1137	0.325003858	7.94960651
1138	0.325573822	7.95775795
1139	0.326144435	7.96590889
1140	0.326715698	7.97405933
1141	0.327287611	7.98220928
1142	0.327860175	7.99035874
1143	0.32843339	7.99850772
1144	0.329007256	8.00665622
1145	0.329581773	8.01480424
1146	0.330156942	8.0229518
1147	0.330732763	8.03109889
1148	0.331309236	8.03924553
1149	0.331886362	8.0473917
1150	0.33246414	8.05553743
1151	0.333042572	8.06368271
1152	0.333621657	8.07182755
1153	0.334201397	8.07997195
1154	0.33478179	8.08811592
1155	0.335362837	8.09625946
1156	0.335944539	8.10440258
1157	0.336526897	8.11254528
1158	0.337109909	8.12068756
1159	0.337693577	8.12882943
1160	0.338277901	8.1369709
1161	0.338862881	8.14511196
1162	0.339448518	8.15325263
1163	0.340034811	8.1613929
1164	0.340621762	8.16953279
1165	0.34120937	8.17767229
1166	0.341797636	8.1858114
1167	0.34238656	8.19395015
1168	0.342976142	8.20208852
1169	0.343566383	8.21022652
1170	0.344157283	8.21836416
1171	0.344748842	8.22650144
1172	0.345341061	8.23463837
1173	0.34593394	8.24277494
1174	0.346527479	8.25091117
1175	0.347121679	8.25904705
1176	0.34771654	8.2671826
1177	0.348312062	8.27531781
1178	0.348908245	8.28345269
1179	0.349505091	8.29158725
1180	0.350102598	8.29972148
1181	0.350700768	8.30785539
1182	0.351299601	8.31598899
1183	0.351899097	8.32412227
1184	0.352499257	8.33225525
1185	0.35310008	8.34038793
1186	0.353701568	8.34852031
1187	0.35430372	8.35665239
1188	0.354906537	8.36478419
1189	0.355510019	8.37291569
1190	0.356114167	8.38104691
1191	0.35671898	8.38917786
1192	0.35732446	8.39730852
1193	0.357930606	8.40543892
1194	0.358537419	8.41356904
1195	0.359144899	8.42169891
1196	0.359753047	8.42982851
1197	0.360361862	8.43795786
1198	0.360971345	8.44608695
1199	0.361581498	8.45421579
1200	0.362192319	8.46234439
1201	0.362803809	8.47047275
1202	0.363415968	8.47860087
1203	0.364028798	8.48672875
1204	0.364642298	8.4948564
1205	0.365256468	8.50298383
1206	0.365871309	8.51111103
1207	0.366486822	8.51923801
1208	0.367103006	8.52736478
1209	0.367719862	8.53549133
1210	0.368337391	8.54361768
1211	0.368955592	8.55174382
1212	0.369574466	8.55986976
1213	0.370194013	8.56799549
1214	0.370814235	8.57612104
1215	0.37143513	8.58424639
1216	0.372056699	8.59237155
1217	0.372678944	8.60049654
1218	0.373301863	8.60862133
1219	0.373925458	8.61674596
1220	0.374549729	8.6248704
1221	0.375174676	8.63299468
1222	0.3758003	8.64111879
1223	0.3764266	8.64924274
1224	0.377053578	8.65736652
1225	0.377681234	8.66549015
1226	0.378309567	8.67361363
1227	0.378938579	8.68173695
1228	0.379568269	8.68986013
1229	0.380198639	8.69798317
1230	0.380829688	8.70610606
1231	0.381461417	8.71422882
1232	0.382093826	8.72235144
1233	0.382726915	8.73047394
1234	0.383360686	8.7385963
1235	0.383995137	8.74671855
1236	0.384630271	8.75484067
1237	0.385266086	8.76296268
1238	0.385902584	8.77108457
1239	0.386539764	8.77920635
1240	0.387177628	8.78732802
1241	0.387816175	8.79544959
1242	0.388455406	8.80357106
1243	0.389095322	8.81169243
1244	0.389735922	8.8198137
1245	0.390377207	8.82793489
1246	0.391019177	8.83605598
1247	0.391661833	8.84417699
1248	0.392305175	8.85229792
1249	0.392949204	8.86041877
1250	0.39359392	8.86853954
1251	0.394239322	8.87666024
1252	0.394885413	8.88478087
1253	0.395532192	8.89290143
1254	0.396179659	8.90102193
1255	0.396827814	8.90914237
1256	0.397476659	8.91726275
1257	0.398126194	8.92538308
1258	0.398776419	8.93350335
1259	0.399427334	8.94162358
1260	0.400078939	8.94974376
1261	0.400731236	8.9578639
1262	0.401384224	8.965984
1263	0.402037904	8.97410406
1264	0.402692277	8.98222409
1265	0.403347342	8.99034409
1266	0.4040031	8.99846406
1267	0.404659552	9.00658401
1268	0.405316697	9.01470393
1269	0.405974537	9.02282384
1270	0.406633071	9.03094372
1271	0.407292301	9.0390636
1272	0.407952226	9.04718347
1273	0.408612846	9.05530333
1274	0.409274163	9.06342318
1275	0.409936177	9.07154303
1276	0.410598888	9.07966289
1277	0.411262296	9.08778274
1278	0.411926401	9.09590261
1279	0.412591206	9.10402248
1280	0.413256708	9.11214237
1281	0.41392291	9.12026227
1282	0.414589811	9.1283822
1283	0.415257412	9.13650214
1284	0.415925713	9.1446221
1285	0.416594715	9.1527421
1286	0.417264418	9.16086212
1287	0.417934823	9.16898217
1288	0.418605929	9.17710226
1289	0.419277738	9.18522239
1290	0.419950249	9.19334255
1291	0.420623463	9.20146276
1292	0.421297381	9.20958302
1293	0.421972003	9.21770332
1294	0.422647329	9.22582368
1295	0.42332336	9.23394409
1296	0.424000096	9.24206455
1297	0.424677538	9.25018508
1298	0.425355686	9.25830566
1299	0.42603454	9.26642631
1300	0.4267141	9.27454703
1301	0.427394368	9.28266782
1302	0.428075344	9.29078868
1303	0.428757028	9.29890962
1304	0.42943942	9.30703063
1305	0.430122522	9.31515172
1306	0.430806332	9.3232729
1307	0.431490852	9.33139416
1308	0.432176083	9.33951551
1309	0.432862024	9.34763695
1310	0.433548676	9.35575849
1311	0.43423604	9.36388012
1312	0.434924115	9.37200184
1313	0.435612903	9.38012367
1314	0.436302403	9.38824561
1315	0.436992617	9.39636765
1316	0.437683544	9.40448979
1317	0.438375185	9.41261205
1318	0.439067541	9.42073442
1319	0.439760611	9.42885691
1320	0.440454397	9.43697952
1321	0.441148899	9.44510225
1322	0.441844116	9.4532251
1323	0.442540051	9.46134808
1324	0.443236702	9.46947118
1325	0.443934071	9.47759442
1326	0.444632157	9.48571779
1327	0.445330962	9.4938413
1328	0.446030486	9.50196494
1329	0.446730729	9.51008873
1330	0.447431692	9.51821266
1331	0.448133375	9.52633674
1332	0.448835778	9.53446096
1333	0.449538902	9.54258533
1334	0.450242748	9.55070986
1335	0.450947315	9.55883454
1336	0.451652605	9.56695938
1337	0.452358617	9.57508438
1338	0.453065353	9.58320954
1339	0.453772812	9.59133487
1340	0.454480995	9.59946037
1341	0.455189903	9.60758603
1342	0.455899536	9.61571187
1343	0.456609894	9.62383788
1344	0.457320978	9.63196406
1345	0.458032788	9.64009043
1346	0.458745325	9.64821698
1347	0.459458589	9.65634371
1348	0.460172581	9.66447063
1349	0.460887301	9.67259773
1350	0.46160275	9.68072503
1351	0.462318927	9.68885252
1352	0.463035834	9.6969802
1353	0.463753471	9.70510808
1354	0.464471838	9.71323616
1355	0.465190936	9.72136445
1356	0.465910766	9.72949294
1357	0.466631327	9.73762163
1358	0.46735262	9.74575053
1359	0.468074646	9.75387965
1360	0.468797405	9.76200898
1361	0.469520897	9.77013852
1362	0.470245124	9.77826828
1363	0.470970085	9.78639826
1364	0.471695781	9.79452847
1365	0.472422212	9.80265889
1366	0.47314938	9.81078955
1367	0.473877283	9.81892043
1368	0.474605924	9.82705155
1369	0.475335301	9.8351829
1370	0.476065417	9.84331448
1371	0.476796271	9.8514463
1372	0.477527863	9.85957836
1373	0.478260194	9.86771067
1374	0.478993265	9.87584322
1375	0.479727076	9.88397601
1376	0.480461628	9.89210905
1377	0.481196921	9.90024235
1378	0.481932955	9.90837589
1379	0.482669731	9.91650969
1380	0.48340725	9.92464375
1381	0.484145511	9.93277807
1382	0.484884516	9.94091265
1383	0.485624264	9.94904749
1384	0.486364757	9.9571826
1385	0.487105995	9.96531798
1386	0.487847978	9.97345363
1387	0.488590707	9.98158955
1388	0.489334182	9.98972574
1389	0.490078404	9.99786221
1390	0.490823373	10.005999
1391	0.49156909	10.014136
1392	0.492315555	10.0222733
1393	0.493062768	10.0304109
1394	0.493810731	10.0385488
1395	0.494559443	10.0466869
1396	0.495308906	10.0548254
1397	0.496059118	10.0629642
1398	0.496810082	10.0711032
1399	0.497561798	10.0792425
1400	0.498314266	10.0873822
1401	0.499067486	10.0955221
1402	0.499821459	10.1036624
1403	0.500576186	10.1118029
1404	0.501331666	10.1199438
1405	0.502087901	10.128085
1406	0.502844891	10.1362265
1407	0.503602637	10.1443682
1408	0.504361139	10.1525104
1409	0.505120397	10.1606528
1410	0.505880411	10.1687955
1411	0.506641184	10.1769386
1412	0.507402714	10.185082
1413	0.508165003	10.1932257
1414	0.508928051	10.2013697
1415	0.509691858	10.2095141
1416	0.510456425	10.2176588
1417	0.511221752	10.2258039
1418	0.511987841	10.2339492
1419	0.512754691	10.2420949
1420	0.513522302	10.250241
1421	0.514290677	10.2583874
1422	0.515059814	10.2665341
1423	0.515829714	10.2746812
1424	0.516600379	10.2828286
1425	0.517371808	10.2909764
1426	0.518144002	10.2991245
1427	0.518916961	10.307273
1428	0.519690687	10.3154218
1429	0.520465179	10.323571
1430	0.521240437	10.3317205
1431	0.522016464	10.3398704
1432	0.522793258	10.3480207
1433	0.523570821	10.3561713
1434	0.524349153	10.3643223
1435	0.525128254	10.3724737
1436	0.525908126	10.3806254
1437	0.526688768	10.3887775
1438	0.527470181	10.39693
1439	0.528252366	10.4050828
1440	0.529035323	10.413236
1441	0.529819052	10.4213897
1442	0.530603555	10.4295436
1443	0.531388831	10.437698
1444	0.532174881	10.4458528
1445	0.532961706	10.4540079
1446	0.533749307	10.4621634
1447	0.534537683	10.4703194
1448	0.535326835	10.4784757
1449	0.536116764	10.4866324
1450	0.536907471	10.4947895
1451	0.537698955	10.502947
1452	0.538491218	10.5111049
1453	0.539284259	10.5192632
1454	0.54007808	10.5274219
1455	0.540872681	10.535581
1456	0.541668062	10.5437405
1457	0.542464224	10.5519004
1458	0.543261168	10.5600608
1459	0.544058894	10.5682215
1460	0.544857402	10.5763827
1461	0.545656694	10.5845443
1462	0.546456769	10.5927063
1463	0.547257628	10.6008687
1464	0.548059272	10.6090315
1465	0.548861701	10.6171948
1466	0.549664916	10.6253584
1467	0.550468918	10.6335225
1468	0.551273706	10.6416871
1469	0.552079281	10.649852
1470	0.552885645	10.6580174
1471	0.553692797	10.6661833
1472	0.554500738	10.6743495
1473	0.555309468	10.6825162
1474	0.556118988	10.6906834
1475	0.5569293	10.698851
1476	0.557740402	10.707019
1477	0.558552296	10.7151875
1478	0.559364982	10.7233564
1479	0.560178461	10.7315257
1480	0.560992733	10.7396956
1481	0.561807799	10.7478658
1482	0.56262366	10.7560365
1483	0.563440315	10.7642077
1484	0.564257766	10.7723793
1485	0.565076013	10.7805514
1486	0.565895057	10.788724
1487	0.566714898	10.796897
1488	0.567535537	10.8050704
1489	0.568356973	10.8132444
1490	0.569179209	10.8214188
1491	0.570002244	10.8295936
1492	0.570826079	10.837769
1493	0.571650714	10.8459448
1494	0.572476151	10.8541211
1495	0.573302389	10.8622978
1496	0.574129429	10.8704751
1497	0.574957272	10.8786528
1498	0.575785918	10.886831
1499	0.576615368	10.8950097
1500	0.577445622	10.9031888
1501	0.578276681	10.9113685
1502	0.579108546	10.9195486
1503	0.579941217	10.9277292
1504	0.580774694	10.9359103
1505	0.581608979	10.9440919
1506	0.582444071	10.952274
1507	0.583279972	10.9604566
1508	0.584116681	10.9686397
1509	0.5849542	10.9768233
1510	0.585792529	10.9850074
1511	0.586631668	10.9931919
1512	0.587471619	11.001377
1513	0.588312381	11.0095626
1514	0.589153956	11.0177487
1515	0.589996344	11.0259353
1516	0.590839545	11.0341225
1517	0.591683559	11.0423101
1518	0.592528389	11.0504982
1519	0.593374034	11.0586869
1520	0.594220494	11.0668761
1521	0.595067771	11.0750658
1522	0.595915864	11.083256
1523	0.596764775	11.0914467
1524	0.597614504	11.099638
1525	0.598465051	11.1078298
1526	0.599316418	11.1160221
1527	0.600168605	11.1242149
1528	0.601021611	11.1324083
1529	0.601875439	11.1406022
1530	0.602730088	11.1487966
1531	0.60358556	11.1569916
1532	0.604441854	11.1651871
1533	0.605298971	11.1733831
1534	0.606156912	11.1815797
1535	0.607015678	11.1897768
1536	0.607875268	11.1979744
1537	0.608735684	11.2061726
1538	0.609596926	11.2143714
1539	0.610458995	11.2225707
1540	0.611321892	11.2307705
1541	0.612185616	11.2389709
1542	0.613050169	11.2471719
1543	0.613915551	11.2553734
1544	0.614781763	11.2635754
1545	0.615648805	11.271778
1546	0.616516678	11.2799812
1547	0.617385382	11.2881849
1548	0.618254919	11.2963892
1549	0.619125288	11.3045941
1550	0.619996491	11.3127995
1551	0.620868527	11.3210054
1552	0.621741398	11.329212
1553	0.622615104	11.3374191
1554	0.623489646	11.3456268
1555	0.624365024	11.353835
1556	0.625241239	11.3620439
1557	0.626118291	11.3702533
1558	0.626996182	11.3784633
1559	0.627874911	11.3866738
1560	0.62875448	11.394885
1561	0.629634888	11.4030967
1562	0.630516137	11.411309
1563	0.631398227	11.4195219
1564	0.632281159	11.4277353
1565	0.633164933	11.4359494
1566	0.63404955	11.444164
1567	0.634935011	11.4523793
1568	0.635821316	11.4605951
1569	0.636708466	11.4688115
1570	0.637596461	11.4770286
1571	0.638485302	11.4852462
1572	0.639374989	11.4934644
1573	0.640265524	11.5016832
1574	0.641156907	11.5099026
1575	0.642049138	11.5181226
1576	0.642942219	11.5263432
1577	0.643836149	11.5345645
1578	0.644730929	11.5427863
1579	0.645626561	11.5510087
1580	0.646523044	11.5592318
1581	0.647420379	11.5674554
1582	0.648318567	11.5756797
1583	0.649217608	11.5839046
1584	0.650117503	11.5921301
1585	0.651018254	11.6003562
1586	0.651919859	11.6085829
1587	0.65282232	11.6168103
1588	0.653725638	11.6250383
1589	0.654629813	11.6332669
1590	0.655534846	11.6414961
1591	0.656440738	11.6497259
1592	0.657347488	11.6579564
1593	0.658255098	11.6661875
1594	0.659163569	11.6744193
1595	0.6600729	11.6826516
1596	0.660983093	11.6908846
1597	0.661894148	11.6991183
1598	0.662806067	11.7073526
1599	0.663718848	11.7155875
1600	0.664632494	11.723823
1601	0.665547005	11.7320592
1602	0.666462381	11.740296
1603	0.667378623	11.7485335
1604	0.668295732	11.7567716
1605	0.669213708	11.7650104
1606	0.670132552	11.7732498
1607	0.671052264	11.7814899
1608	0.671972846	11.7897306
1609	0.672894298	11.797972
1610	0.673816621	11.806214
1611	0.674739814	11.8144567
1612	0.67566388	11.8227
1613	0.676588818	11.830944
1614	0.677514629	11.8391886
1615	0.678441314	11.847434
1616	0.679368873	11.8556799
1617	0.680297308	11.8639266
1618	0.681226618	11.8721739
1619	0.682156804	11.8804218
1620	0.683087868	11.8886705
1621	0.684019809	11.8969198
1622	0.684952629	11.9051698
1623	0.685886328	11.9134204
1624	0.686820906	11.9216717
1625	0.687756365	11.9299237
1626	0.688692704	11.9381764
1627	0.689629925	11.9464297
1628	0.690568029	11.9546838
1629	0.691507015	11.9629385
1630	0.692446886	11.9711939
1631	0.69338764	11.97945
1632	0.694329279	11.9877067
1633	0.695271804	11.9959642
1634	0.696215215	12.0042223
1635	0.697159513	12.0124811
1636	0.698104699	12.0207406
1637	0.699050773	12.0290008
1638	0.699997736	12.0372617
1639	0.700945588	12.0455233
1640	0.701894331	12.0537856
1641	0.702843965	12.0620486
1642	0.70379449	12.0703123
1643	0.704745908	12.0785767
1644	0.705698218	12.0868418
1645	0.706651423	12.0951076
1646	0.707605521	12.1033741
1647	0.708560515	12.1116413
1648	0.709516404	12.1199092
1649	0.710473189	12.1281778
1650	0.711430871	12.1364471
1651	0.712389452	12.1447171
1652	0.71334893	12.1529879
1653	0.714309308	12.1612593
1654	0.715270585	12.1695315
1655	0.716232762	12.1778044
1656	0.717195841	12.186078
1657	0.718159822	12.1943524
1658	0.719124705	12.2026274
1659	0.720090491	12.2109032
1660	0.721057181	12.2191797
1661	0.722024775	12.2274569
1662	0.722993275	12.2357349
1663	0.72396268	12.2440135
1664	0.724932992	12.2522929
1665	0.725904212	12.2605731
1666	0.726876339	12.2688539
1667	0.727849375	12.2771355
1668	0.728823321	12.2854179
1669	0.729798176	12.2937009
1670	0.730773942	12.3019848
1671	0.73175062	12.3102693
1672	0.732728209	12.3185546
1673	0.733706712	12.3268406
1674	0.734686128	12.3351274
1675	0.735666458	12.3434149
1676	0.736647703	12.3517032
1677	0.737629864	12.3599922
1678	0.738612941	12.3682819
1679	0.739596935	12.3765724
1680	0.740581847	12.3848637
1681	0.741567677	12.3931557
1682	0.742554427	12.4014484
1683	0.743542096	12.4097419
1684	0.744530686	12.4180362
1685	0.745520197	12.4263312
1686	0.74651063	12.434627
1687	0.747501986	12.4429235
1688	0.748494265	12.4512208
1689	0.749487468	12.4595189
1690	0.750481596	12.4678177
1691	0.75147665	12.4761173
1692	0.752472629	12.4844177
1693	0.753469536	12.4927188
1694	0.75446737	12.5010207
1695	0.755466133	12.5093234
1696	0.756465825	12.5176268
1697	0.757466447	12.525931
1698	0.758467999	12.534236
1699	0.759470482	12.5425418
1700	0.760473898	12.5508483
1701	0.761478246	12.5591557
1702	0.762483527	12.5674637
1703	0.763489743	12.5757726
1704	0.764496894	12.5840823
1705	0.76550498	12.5923927
1706	0.766514002	12.600704
1707	0.767523962	12.609016
1708	0.768534859	12.6173288
1709	0.769546695	12.6256424
1710	0.77055947	12.6339568
1711	0.771573185	12.6422719
1712	0.77258784	12.6505879
1713	0.773603438	12.6589046
1714	0.774619977	12.6672222
1715	0.775637459	12.6755406
1716	0.776655885	12.6838597
1717	0.777675255	12.6921796
1718	0.77869557	12.7005004
1719	0.779716831	12.7088219
1720	0.780739039	12.7171443
1721	0.781762194	12.7254675
1722	0.782786297	12.7337914
1723	0.783811349	12.7421162
1724	0.78483735	12.7504418
1725	0.785864302	12.7587682
1726	0.786892205	12.7670954
1727	0.787921059	12.7754234
1728	0.788950866	12.7837522
1729	0.789981626	12.7920818
1730	0.791013341	12.8004123
1731	0.79204601	12.8087436
1732	0.793079634	12.8170756
1733	0.794114215	12.8254086
1734	0.795149753	12.8337423
1735	0.796186248	12.8420768
1736	0.797223703	12.8504122
1737	0.798262116	12.8587484
1738	0.799301489	12.8670854
1739	0.800341824	12.8754233
1740	0.801383119	12.883762
1741	0.802425378	12.8921015
1742	0.803468599	12.9004418
1743	0.804512784	12.908783
1744	0.805557933	12.917125
1745	0.806604048	12.9254679
1746	0.807651129	12.9338116
1747	0.808699177	12.9421561
1748	0.809748192	12.9505014
1749	0.810798176	12.9588476
1750	0.811849129	12.9671947
1751	0.812901052	12.9755426
1752	0.813953946	12.9838913
1753	0.815007811	12.9922409
1754	0.816062649	13.0005913
1755	0.817118459	13.0089425
1756	0.818175243	13.0172947
1757	0.819233002	13.0256476
1758	0.820291736	13.0340014
1759	0.821351446	13.0423561
1760	0.822412133	13.0507116
1761	0.823473798	13.059068
1762	0.824536441	13.0674253
1763	0.825600064	13.0757834
1764	0.826664666	13.0841423
1765	0.827730249	13.0925021
1766	0.828796814	13.1008628
1767	0.829864361	13.1092243
1768	0.830932891	13.1175867
1769	0.832002405	13.12595
1770	0.833072904	13.1343141
1771	0.834144388	13.1426791
1772	0.835216858	13.151045
1773	0.836290316	13.1594117
1774	0.837364761	13.1677794
1775	0.838440195	13.1761478
1776	0.839516619	13.1845172
1777	0.840594033	13.1928874
1778	0.841672437	13.2012585
1779	0.842751834	13.2096305
1780	0.843832223	13.2180034
1781	0.844913605	13.2263772
1782	0.845995982	13.2347518
1783	0.847079354	13.2431273
1784	0.848163721	13.2515037
1785	0.849249085	13.259881
1786	0.850335446	13.2682591
1787	0.851422806	13.2766382
1788	0.852511165	13.2850181
1789	0.853600523	13.293399
1790	0.854690882	13.3017807
1791	0.855782242	13.3101633
1792	0.856874605	13.3185468
1793	0.85796797	13.3269312
1794	0.85906234	13.3353165
1795	0.860157714	13.3437028
1796	0.861254094	13.3520899
1797	0.862351479	13.3604779
1798	0.863449872	13.3688668
1799	0.864549273	13.3772566
1800	0.865649682	13.3856473
1801	0.866751101	13.3940389
1802	0.867853531	13.4024314
1803	0.868956971	13.4108248
1804	0.870061423	13.4192192
1805	0.871166889	13.4276144
1806	0.872273367	13.4360106
1807	0.873380861	13.4444076
1808	0.874489369	13.4528056
1809	0.875598894	13.4612045
1810	0.876709435	13.4696043
1811	0.877820994	13.4780051
1812	0.878933572	13.4864067
1813	0.880047169	13.4948093
1814	0.881161787	13.5032128
1815	0.882277425	13.5116172
1816	0.883394085	13.5200225
1817	0.884511768	13.5284288
1818	0.885630475	13.536836
1819	0.886750205	13.5452441
1820	0.887870961	13.5536531
1821	0.888992743	13.5620631
1822	0.890115552	13.570474
1823	0.891239389	13.5788858
1824	0.892364254	13.5872986
1825	0.893490149	13.5957123
1826	0.894617074	13.6041269
1827	0.89574503	13.6125425
1828	0.896874017	13.620959
1829	0.898004038	13.6293764
1830	0.899135092	13.6377948
1831	0.900267181	13.6462142
1832	0.901400305	13.6546344
1833	0.902534465	13.6630556
1834	0.903669662	13.6714778
1835	0.904805896	13.6799009
1836	0.90594317	13.688325
1837	0.907081483	13.69675
1838	0.908220837	13.7051759
1839	0.909361231	13.7136028
1840	0.910502668	13.7220307
1841	0.911645148	13.7304595
1842	0.912788672	13.7388893
1843	0.91393324	13.74732
1844	0.915078854	13.7557517
1845	0.916225514	13.7641843
1846	0.917373222	13.7726179
1847	0.918521977	13.7810525
1848	0.919671782	13.789488
1849	0.920822636	13.7979245
1850	0.921974542	13.8063619
1851	0.923127498	13.8148003
1852	0.924281508	13.8232397
1853	0.92543657	13.8316801
1854	0.926592687	13.8401214
1855	0.927749859	13.8485637
1856	0.928908086	13.8570069
1857	0.930067371	13.8654512
1858	0.931227713	13.8738964
1859	0.932389114	13.8823426
1860	0.933551574	13.8907897
1861	0.934715094	13.8992379
1862	0.935879676	13.907687
1863	0.93704532	13.9161371
1864	0.938212026	13.9245881
1865	0.939379797	13.9330402
1866	0.940548632	13.9414932
1867	0.941718533	13.9499473
1868	0.9428895	13.9584023
1869	0.944061534	13.9668583
1870	0.945234637	13.9753153
1871	0.946408809	13.9837732
1872	0.947584051	13.9922322
1873	0.948760364	14.0006922
1874	0.949937749	14.0091531
1875	0.951116206	14.0176151
1876	0.952295737	14.026078
1877	0.953476343	14.034542
1878	0.954658024	14.0430069
1879	0.955840781	14.0514728
1880	0.957024615	14.0599398
1881	0.958209527	14.0684077
1882	0.959395519	14.0768767
1883	0.96058259	14.0853466
1884	0.961770742	14.0938175
1885	0.962959976	14.1022895
1886	0.964150292	14.1107625
1887	0.965341692	14.1192364
1888	0.966534176	14.1277114
1889	0.967727745	14.1361874
1890	0.968922401	14.1446644
1891	0.970118144	14.1531424
1892	0.971314975	14.1616215
1893	0.972512894	14.1701015
1894	0.973711904	14.1785826
1895	0.974912004	14.1870647
1896	0.976113196	14.1955478
1897	0.977315481	14.2040319
1898	0.978518859	14.212517
1899	0.979723332	14.2210032
1900	0.9809289	14.2294904
1901	0.982135564	14.2379786
1902	0.983343325	14.2464678
1903	0.984552185	14.2549581
1904	0.985762143	14.2634494
1905	0.986973202	14.2719417
1906	0.988185361	14.2804351
1907	0.989398623	14.2889295
1908	0.990612987	14.2974249
1909	0.991828455	14.3059214
1910	0.993045027	14.3144189
1911	0.994262705	14.3229174
1912	0.995481489	14.331417
1913	0.996701381	14.3399176
1914	0.997922381	14.3484192
1915	0.99914449	14.3569219
1916	1.00036771	14.3654256
1917	1.00159204	14.3739304
1918	1.00281748	14.3824362
1919	1.00404404	14.3909431
1920	1.00527171	14.399451
1921	1.00650049	14.40796
1922	1.00773039	14.41647
1923	1.00896141	14.424981
1924	1.01019355	14.4334932
1925	1.0114268	14.4420063
1926	1.01266118	14.4505206
1927	1.01389667	14.4590358
1928	1.01513329	14.4675522
1929	1.01637102	14.4760696
1930	1.01760989	14.484588
1931	1.01884987	14.4931075
1932	1.02009098	14.5016281
1933	1.02133322	14.5101497
1934	1.02257659	14.5186724
1935	1.02382108	14.5271962
1936	1.0250667	14.535721
1937	1.02631346	14.5442469
1938	1.02756134	14.5527739
1939	1.02881036	14.5613019
1940	1.0300605	14.5698311
1941	1.03131179	14.5783612
1942	1.03256421	14.5868925
1943	1.03381776	14.5954248
1944	1.03507245	14.6039582
1945	1.03632828	14.6124927
1946	1.03758525	14.6210283
1947	1.03884336	14.6295649
1948	1.0401026	14.6381026
1949	1.041363	14.6466414
1950	1.04262453	14.6551813
1951	1.04388721	14.6637222
1952	1.04515103	14.6722643
1953	1.04641599	14.6808074
1954	1.04768211	14.6893517
1955	1.04894937	14.697897
1956	1.05021778	14.7064434
1957	1.05148734	14.7149908
1958	1.05275805	14.7235394
1959	1.05402991	14.7320891
1960	1.05530293	14.7406399
1961	1.0565771	14.7491917
1962	1.05785242	14.7577447
1963	1.0591289	14.7662988
1964	1.06040654	14.7748539
1965	1.06168533	14.7834102
1966	1.06296528	14.7919675
1967	1.06424639	14.800526
1968	1.06552866	14.8090855
1969	1.0668121	14.8176462
1970	1.06809669	14.826208
1971	1.06938245	14.8347709
1972	1.07066938	14.8433348
1973	1.07195747	14.8518999
1974	1.07324672	14.8604661
1975	1.07453715	14.8690335
1976	1.07582874	14.8776019
1977	1.0771215	14.8861714
1978	1.07841543	14.8947421
1979	1.07971054	14.9033139
1980	1.08100681	14.9118868
1981	1.08230426	14.9204608
1982	1.08360289	14.9290359
1983	1.08490269	14.9376122
1984	1.08620367	14.9461895
1985	1.08750582	14.954768
1986	1.08880916	14.9633476
1987	1.09011367	14.9719284
1988	1.09141937	14.9805103
1989	1.09272624	14.9890933
1990	1.0940343	14.9976774
1991	1.09534355	15.0062627
1992	1.09665397	15.014849
1993	1.09796559	15.0234366
1994	1.09927839	15.0320252
1995	1.10059238	15.040615
1996	1.10190756	15.0492059
1997	1.10322393	15.057798
1998	1.10454149	15.0663912
1999	1.10586024	15.0749855
2000	1.10718018	15.083581
2001	1.10850132	15.0921776
2002	1.10982365	15.1007754
2003	1.11114718	15.1093743
2004	1.11247191	15.1179744
2005	1.11379784	15.1265756
2006	1.11512496	15.1351779
2007	1.11645329	15.1437814
2008	1.11778282	15.152386
2009	1.11911355	15.1609918
2010	1.12044548	15.1695988
2011	1.12177862	15.1782069
2012	1.12311297	15.1868161
2013	1.12444852	15.1954265
2014	1.12578528	15.2040381
2015	1.12712324	15.2126508
2016	1.12846242	15.2212647
2017	1.12980281	15.2298798
2018	1.13114441	15.238496
2019	1.13248722	15.2471133
2020	1.13383125	15.2557319
2021	1.1351765	15.2643515
2022	1.13652296	15.2729724
2023	1.13787063	15.2815944
2024	1.13921953	15.2902176
2025	1.14056964	15.298842
2026	1.14192098	15.3074675
2027	1.14327354	15.3160942
2028	1.14462732	15.3247221
2029	1.14598232	15.3333512
2030	1.14733855	15.3419814
2031	1.14869601	15.3506128
2032	1.15005469	15.3592454
2033	1.1514146	15.3678791
2034	1.15277574	15.3765141
2035	1.15413811	15.3851502
2036	1.15550171	15.3937875
2037	1.15686654	15.4024259
2038	1.15823261	15.4110656
2039	1.15959991	15.4197065
2040	1.16096845	15.4283485
2041	1.16233822	15.4369917
2042	1.16370924	15.4456361
2043	1.16508149	15.4542817
2044	1.16645498	15.4629285
2045	1.16782971	15.4715765
2046	1.16920569	15.4802257
2047	1.17058291	15.4888761
2048	1.17196137	15.4975276
2049	1.17334108	15.5061804
2050	1.17472203	15.5148344
2051	1.17610424	15.5234895
2052	1.17748769	15.5321459
2053	1.17887239	15.5408035
2054	1.18025834	15.5494622
2055	1.18164555	15.5581222
2056	1.18303401	15.5667834
2057	1.18442372	15.5754458
2058	1.18581469	15.5841093
2059	1.18720692	15.5927741
2060	1.1886004	15.6014402
2061	1.18999514	15.6101074
2062	1.19139115	15.6187758
2063	1.19278841	15.6274454
2064	1.19418694	15.6361163
2065	1.19558673	15.6447884
2066	1.19698778	15.6534616
2067	1.1983901	15.6621361
2068	1.19979369	15.6708119
2069	1.20119854	15.6794888
2070	1.20260466	15.688167
2071	1.20401206	15.6968464
2072	1.20542072	15.705527
2073	1.20683066	15.7142088
2074	1.20824187	15.7228918
2075	1.20965436	15.7315761
2076	1.21106812	15.7402616
2077	1.21248316	15.7489484
2078	1.21389948	15.7576363
2079	1.21531707	15.7663255
2080	1.21673595	15.775016
2081	1.21815611	15.7837076
2082	1.21957755	15.7924005
2083	1.22100027	15.8010947
2084	1.22242428	15.8097901
2085	1.22384958	15.8184867
2086	1.22527616	15.8271845
2087	1.22670403	15.8358836
2088	1.2281332	15.8445839
2089	1.22956365	15.8532855
2090	1.23099539	15.8619883
2091	1.23242843	15.8706924
2092	1.23386276	15.8793977
2093	1.23529839	15.8881043
2094	1.23673531	15.8968121
2095	1.23817354	15.9055211
2096	1.23961306	15.9142314
2097	1.24105388	15.922943
2098	1.242496	15.9316558
2099	1.24393942	15.9403698
2100	1.24538415	15.9490852
2101	1.24683018	15.9578017
2102	1.24827752	15.9665196
2103	1.24972617	15.9752387
2104	1.25117612	15.983959
2105	1.25262739	15.9926806
2106	1.25407996	16.0014035
2107	1.25553385	16.0101276
2108	1.25698905	16.018853
2109	1.25844556	16.0275797
2110	1.25990339	16.0363076
2111	1.26136254	16.0450368
2112	1.262823	16.0537673
2113	1.26428478	16.062499
2114	1.26574789	16.071232
2115	1.26721231	16.0799663
2116	1.26867806	16.0887019
2117	1.27014513	16.0974387
2118	1.27161352	16.1061768
2119	1.27308324	16.1149162
2120	1.27455429	16.1236568
2121	1.27602667	16.1323988
2122	1.27750038	16.141142
2123	1.27897542	16.1498865
2124	1.28045179	16.1586323
2125	1.28192949	16.1673794
2126	1.28340853	16.1761277
2127	1.2848889	16.1848773
2128	1.28637061	16.1936283
2129	1.28785366	16.2023805
2130	1.28933805	16.211134
2131	1.29082378	16.2198888
2132	1.29231085	16.2286449
2133	1.29379927	16.2374022
2134	1.29528903	16.2461609
2135	1.29678013	16.2549209
2136	1.29827259	16.2636822
2137	1.29976638	16.2724447
2138	1.30126153	16.2812086
2139	1.30275803	16.2899737
2140	1.30425588	16.2987402
2141	1.30575509	16.307508
2142	1.30725565	16.316277
2143	1.30875756	16.3250474
2144	1.31026083	16.3338191
2145	1.31176546	16.3425921
2146	1.31327144	16.3513663
2147	1.31477879	16.3601419
2148	1.3162875	16.3689189
2149	1.31779757	16.3776971
2150	1.31930901	16.3864766
2151	1.32082181	16.3952575
2152	1.32233598	16.4040396
2153	1.32385152	16.4128231
2154	1.32536842	16.4216079
2155	1.3268867	16.430394
2156	1.32840634	16.4391814
2157	1.32992736	16.4479702
2158	1.33144976	16.4567603
2159	1.33297353	16.4655516
2160	1.33449867	16.4743444
2161	1.3360252	16.4831384
2162	1.3375531	16.4919338
2163	1.33908238	16.5007305
2164	1.34061305	16.5095285
2165	1.3421451	16.5183279
2166	1.34367853	16.5271285
2167	1.34521335	16.5359306
2168	1.34674955	16.5447339
2169	1.34828715	16.5535386
2170	1.34982613	16.5623446
2171	1.3513665	16.571152
2172	1.35290827	16.5799607
2173	1.35445142	16.5887707
2174	1.35599598	16.5975821
2175	1.35754192	16.6063948
2176	1.35908927	16.6152088
2177	1.36063801	16.6240242
2178	1.36218816	16.632841
2179	1.3637397	16.6416591
2180	1.36529265	16.6504785
2181	1.366847	16.6592993
2182	1.36840275	16.6681214
2183	1.36995991	16.6769449
2184	1.37151848	16.6857697
2185	1.37307846	16.6945959
2186	1.37463984	16.7034235
2187	1.37620264	16.7122524
2188	1.37776685	16.7210826
2189	1.37933248	16.7299142
2190	1.38089952	16.7387472
2191	1.38246797	16.7475815
2192	1.38403785	16.7564172
2193	1.38560914	16.7652542
2194	1.38718186	16.7740927
2195	1.38875599	16.7829324
2196	1.39033155	16.7917736
2197	1.39190853	16.8006161
2198	1.39348694	16.8094599
2199	1.39506678	16.8183052
2200	1.39664804	16.8271518
2201	1.39823074	16.8359998
2202	1.39981486	16.8448491
2203	1.40140042	16.8536999
2204	1.40298741	16.862552
2205	1.40457584	16.8714054
2206	1.4061657	16.8802603
2207	1.407757	16.8891165
2208	1.40934974	16.8979741
2209	1.41094392	16.9068331
2210	1.41253954	16.9156935
2211	1.41413661	16.9245552
2212	1.41573512	16.9334184
2213	1.41733507	16.9422829
2214	1.41893647	16.9511488
2215	1.42053932	16.9600161
2216	1.42214362	16.9688848
2217	1.42374938	16.9777548
2218	1.42535658	16.9866263
2219	1.42696524	16.9954991
2220	1.42857535	17.0043734
2221	1.43018692	17.013249
2222	1.43179995	17.0221261
2223	1.43341444	17.0310045
2224	1.43503038	17.0398843
2225	1.43664779	17.0487655
2226	1.43826667	17.0576482
2227	1.43988701	17.0665322
2228	1.44150881	17.0754176
2229	1.44313208	17.0843044
2230	1.44475682	17.0931927
2231	1.44638303	17.1020823
2232	1.44801072	17.1109733
2233	1.44963987	17.1198658
2234	1.4512705	17.1287597
2235	1.45290261	17.1376549
2236	1.45453619	17.1465516
2237	1.45617125	17.1554497
2238	1.45780779	17.1643492
2239	1.45944582	17.1732501
2240	1.46108532	17.1821525
2241	1.46272631	17.1910562
2242	1.46436879	17.1999614
2243	1.46601275	17.208868
2244	1.4676582	17.217776
2245	1.46930514	17.2266854
2246	1.47095357	17.2355963
2247	1.4726035	17.2445086
2248	1.47425492	17.2534223
2249	1.47590783	17.2623374
2250	1.47756224	17.2712539
2251	1.47921815	17.2801719
2252	1.48087556	17.2890913
2253	1.48253447	17.2980122
2254	1.48419488	17.3069345
2255	1.48585679	17.3158582
2256	1.48752021	17.3247833
2257	1.48918514	17.3337099
2258	1.49085158	17.3426379
2259	1.49251952	17.3515673
2260	1.49418898	17.3604982
2261	1.49585995	17.3694306
2262	1.49753243	17.3783643
2263	1.49920643	17.3872995
2264	1.50088194	17.3962362
2265	1.50255897	17.4051743
2266	1.50423752	17.4141138
2267	1.5059176	17.4230548
2268	1.50759919	17.4319973
2269	1.50928231	17.4409412
2270	1.51096695	17.4498865
2271	1.51265313	17.4588333
2272	1.51434082	17.4677815
2273	1.51603005	17.4767312
2274	1.51772081	17.4856824
2275	1.51941311	17.494635
2276	1.52110693	17.503589
2277	1.5228023	17.5125446
2278	1.52449919	17.5215015
2279	1.52619763	17.53046
2280	1.52789761	17.5394199
2281	1.52959913	17.5483813
2282	1.53130219	17.5573441
2283	1.53300679	17.5663084
2284	1.53471295	17.5752741
2285	1.53642064	17.5842414
2286	1.53812989	17.5932101
2287	1.53984069	17.6021802
2288	1.54155304	17.6111519
2289	1.54326694	17.620125
2290	1.5449824	17.6290996
2291	1.54669941	17.6380756
2292	1.54841798	17.6470531
2293	1.55013811	17.6560321
2294	1.5518598	17.6650126
2295	1.55358305	17.6739946
2296	1.55530787	17.682978
2297	1.55703425	17.691963
2298	1.55876219	17.7009494
2299	1.56049171	17.7099373
2300	1.56222279	17.7189266
2301	1.56395545	17.7279175
2302	1.56568968	17.7369099
2303	1.56742548	17.7459037
2304	1.56916286	17.754899
2305	1.57090181	17.7638958
2306	1.57264234	17.7728942
2307	1.57438446	17.781894
2308	1.57612815	17.7908953
2309	1.57787343	17.799898
2310	1.57962029	17.8089023
2311	1.58136874	17.8179081
2312	1.58311878	17.8269154
2313	1.5848704	17.8359242
2314	1.58662362	17.8449345
2315	1.58837842	17.8539463
2316	1.59013483	17.8629595
2317	1.59189282	17.8719743
2318	1.59365242	17.8809906
2319	1.59541361	17.8900084
2320	1.5971764	17.8990278
2321	1.59894079	17.9080486
2322	1.60070679	17.9170709
2323	1.60247439	17.9260948
2324	1.6042436	17.9351201
2325	1.60601441	17.944147
2326	1.60778683	17.9531754
2327	1.60956087	17.9622053
2328	1.61133651	17.9712367
2329	1.61311377	17.9802696
2330	1.61489265	17.9893041
2331	1.61667314	17.9983401
2332	1.61845525	18.0073776
2333	1.62023898	18.0164166
2334	1.62202434	18.0254571
2335	1.62381131	18.0344992
2336	1.62559991	18.0435428
2337	1.62739014	18.0525879
2338	1.62918199	18.0616346
2339	1.63097548	18.0706828
2340	1.63277059	18.0797325
2341	1.63456734	18.0887837
2342	1.63636572	18.0978365
2343	1.63816574	18.1068908
2344	1.63996739	18.1159467
2345	1.64177069	18.1250041
2346	1.64357562	18.134063
2347	1.6453822	18.1431234
2348	1.64719041	18.1521854
2349	1.64900028	18.161249
2350	1.65081179	18.1703141
2351	1.65262495	18.1793807
2352	1.65443976	18.1884489
2353	1.65625622	18.1975186
2354	1.65807434	18.2065899
2355	1.65989411	18.2156627
2356	1.66171554	18.2247371
2357	1.66353862	18.233813
2358	1.66536336	18.2428905
2359	1.66718977	18.2519695
2360	1.66901784	18.2610501
2361	1.67084757	18.2701322
2362	1.67267897	18.2792159
2363	1.67451204	18.2883011
2364	1.67634677	18.2973879
2365	1.67818318	18.3064763
2366	1.68002126	18.3155662
2367	1.68186102	18.3246577
2368	1.68370245	18.3337508
2369	1.68554555	18.3428454
2370	1.68739034	18.3519416
2371	1.68923681	18.3610393
2372	1.69108496	18.3701387
2373	1.69293479	18.3792396
2374	1.69478631	18.388342
2375	1.69663952	18.3974461
2376	1.69849442	18.4065517
2377	1.70035101	18.4156588
2378	1.70220928	18.4247676
2379	1.70406926	18.4338779
2380	1.70593093	18.4429898
2381	1.70779429	18.4521033
2382	1.70965936	18.4612184
2383	1.71152613	18.470335
2384	1.71339459	18.4794533
2385	1.71526477	18.4885731
2386	1.71713664	18.4976945
2387	1.71901023	18.5068175
2388	1.72088552	18.515942
2389	1.72276253	18.5250682
2390	1.72464125	18.5341959
2391	1.72652168	18.5433253
2392	1.72840382	18.5524562
2393	1.73028769	18.5615887
2394	1.73217327	18.5707228
2395	1.73406058	18.5798586
2396	1.7359496	18.5889959
2397	1.73784035	18.5981348
2398	1.73973283	18.6072753
2399	1.74162703	18.6164174
2400	1.74352297	18.6255611
2401	1.74542063	18.6347064
2402	1.74732003	18.6438533
2403	1.74922116	18.6530018
2404	1.75112402	18.6621519
2405	1.75302863	18.6713036
2406	1.75493497	18.680457
2407	1.75684306	18.6896119
2408	1.75875289	18.6987685
2409	1.76066446	18.7079266
2410	1.76257778	18.7170864
2411	1.76449284	18.7262478
2412	1.76640966	18.7354108
2413	1.76832823	18.7445754
2414	1.77024855	18.7537417
2415	1.77217063	18.7629095
2416	1.77409446	18.772079
2417	1.77602005	18.7812501
2418	1.7779474	18.7904228
2419	1.77987652	18.7995972
2420	1.78180739	18.8087731
2421	1.78374003	18.8179507
2422	1.78567444	18.8271299
2423	1.78761062	18.8363108
2424	1.78954857	18.8454933
2425	1.79148829	18.8546774
2426	1.79342979	18.8638631
2427	1.79537306	18.8730505
2428	1.79731811	18.8822395
2429	1.79926493	18.8914301
2430	1.80121354	18.9006224
2431	1.80316394	18.9098163
2432	1.80511611	18.9190119
2433	1.80707008	18.928209
2434	1.80902583	18.9374079
2435	1.81098337	18.9466083
2436	1.8129427	18.9558105
2437	1.81490383	18.9650142
2438	1.81686675	18.9742196
2439	1.81883147	18.9834267
2440	1.82079799	18.9926354
2441	1.82276631	19.0018457
2442	1.82473643	19.0110577
2443	1.82670835	19.0202714
2444	1.82868209	19.0294867
2445	1.83065762	19.0387036
2446	1.83263497	19.0479222
2447	1.83461413	19.0571425
2448	1.83659511	19.0663644
2449	1.8385779	19.075588
2450	1.8405625	19.0848132
2451	1.84254893	19.0940401
2452	1.84453717	19.1032687
2453	1.84652724	19.1124989
2454	1.84851913	19.1217308
2455	1.85051285	19.1309643
2456	1.85250839	19.1401996
2457	1.85450577	19.1494364
2458	1.85650497	19.158675
2459	1.85850601	19.1679152
2460	1.86050889	19.1771571
2461	1.8625136	19.1864007
2462	1.86452015	19.1956459
2463	1.86652854	19.2048929
2464	1.86853877	19.2141415
2465	1.87055085	19.2233917
2466	1.87256477	19.2326437
2467	1.87458054	19.2418973
2468	1.87659816	19.2511526
2469	1.87861763	19.2604096
2470	1.88063896	19.2696683
2471	1.88266214	19.2789286
2472	1.88468718	19.2881907
2473	1.88671408	19.2974544
2474	1.88874284	19.3067198
2475	1.89077346	19.3159869
2476	1.89280594	19.3252557
2477	1.8948403	19.3345262
2478	1.89687652	19.3437984
2479	1.89891461	19.3530723
2480	1.90095457	19.3623478
2481	1.90299641	19.3716251
2482	1.90504012	19.380904
2483	1.90708572	19.3901847
2484	1.90913319	19.3994671
2485	1.91118254	19.4087511
2486	1.91323378	19.4180369
2487	1.9152869	19.4273243
2488	1.91734191	19.4366135
2489	1.9193988	19.4459044
2490	1.92145759	19.4551969
2491	1.92351827	19.4644912
2492	1.92558085	19.4737872
2493	1.92764533	19.4830849
2494	1.9297117	19.4923843
2495	1.93177997	19.5016855
2496	1.93385015	19.5109883
2497	1.93592223	19.5202929
2498	1.93799621	19.5295991
2499	1.94007211	19.5389071
2500	1.94214991	19.5482168
2501	1.94422963	19.5575283
2502	1.94631126	19.5668414
2503	1.94839481	19.5761563
2504	1.95048027	19.5854729
2505	1.95256766	19.5947912
2506	1.95465696	19.6041112
2507	1.9567482	19.613433
2508	1.95884135	19.6227565
2509	1.96093644	19.6320817
2510	1.96303345	19.6414087
2511	1.96513239	19.6507373
2512	1.96723327	19.6600678
2513	1.96933609	19.6693999
2514	1.97144084	19.6787338
2515	1.97354753	19.6880694
2516	1.97565616	19.6974068
2517	1.97776674	19.7067459
2518	1.97987926	19.7160867
2519	1.98199373	19.7254293
2520	1.98411014	19.7347736
2521	1.98622851	19.7441197
2522	1.98834883	19.7534675
2523	1.99047111	19.762817
2524	1.99259535	19.7721683
2525	1.99472154	19.7815214
2526	1.99684969	19.7908762
2527	1.99897981	19.8002327
2528	2.00111189	19.809591
2529	2.00324594	19.818951
2530	2.00538196	19.8283128
2531	2.00751995	19.8376764
2532	2.00965992	19.8470417
2533	2.01180186	19.8564088
2534	2.01394577	19.8657776
2535	2.01609167	19.8751482
2536	2.01823954	19.8845205
2537	2.0203894	19.8938947
2538	2.02254125	19.9032705
2539	2.02469508	19.9126482
2540	2.0268509	19.9220276
2541	2.02900871	19.9314087
2542	2.03116852	19.9407917
2543	2.03333032	19.9501764
2544	2.03549412	19.9595629
2545	2.03765992	19.9689511
2546	2.03982771	19.9783411
2547	2.04199752	19.9877329
2548	2.04416933	19.9971265
2549	2.04634314	20.0065218
2550	2.04851897	20.0159189
2551	2.05069681	20.0253178
2552	2.05287666	20.0347185
2553	2.05505852	20.044121
2554	2.05724241	20.0535252
2555	2.05942831	20.0629313
2556	2.06161624	20.0723391
2557	2.06380619	20.0817487
2558	2.06599817	20.09116
2559	2.06819218	20.1005732
2560	2.07038821	20.1099882
2561	2.07258628	20.1194049
2562	2.07478638	20.1288235
2563	2.07698852	20.1382438
2564	2.0791927	20.1476659
2565	2.08139892	20.1570898
2566	2.08360718	20.1665156
2567	2.08581749	20.1759431
2568	2.08802984	20.1853724
2569	2.09024425	20.1948035
2570	2.0924607	20.2042364
2571	2.09467921	20.2136711
2572	2.09689977	20.2231076
2573	2.09912239	20.232546
2574	2.10134707	20.2419861
2575	2.10357381	20.251428
2576	2.10580262	20.2608718
2577	2.10803349	20.2703173
2578	2.11026643	20.2797647
2579	2.11250144	20.2892139
2580	2.11473853	20.2986649
2581	2.11697768	20.3081177
2582	2.11921892	20.3175723
2583	2.12146223	20.3270287
2584	2.12370763	20.336487
2585	2.1259551	20.345947
2586	2.12820467	20.3554089
2587	2.13045632	20.3648726
2588	2.13271006	20.3743382
2589	2.13496589	20.3838055
2590	2.13722382	20.3932747
2591	2.13948384	20.4027457
2592	2.14174596	20.4122185
2593	2.14401018	20.4216932
2594	2.1462765	20.4311697
2595	2.14854493	20.440648
2596	2.15081546	20.4501282
2597	2.15308811	20.4596102
2598	2.15536286	20.469094
2599	2.15763973	20.4785796
2600	2.15991871	20.4880671
2601	2.16219982	20.4975565
2602	2.16448304	20.5070476
2603	2.16676838	20.5165406
2604	2.16905585	20.5260355
2605	2.17134545	20.5355322
2606	2.17363717	20.5450307
2607	2.17593103	20.5545311
2608	2.17822702	20.5640333
2609	2.18052514	20.5735374
2610	2.1828254	20.5830433
2611	2.1851278	20.5925511
2612	2.18743235	20.6020607
2613	2.18973904	20.6115722
2614	2.19204787	20.6210855
2615	2.19435885	20.6306007
2616	2.19667199	20.6401177
2617	2.19898728	20.6496366
2618	2.20130472	20.6591574
2619	2.20362432	20.66868
2620	2.20594608	20.6782044
2621	2.20827	20.6877308
2622	2.21059609	20.697259
2623	2.21292435	20.706789
2624	2.21525477	20.7163209
2625	2.21758737	20.7258547
2626	2.21992213	20.7353904
2627	2.22225908	20.7449279
2628	2.2245982	20.7544673
2629	2.2269395	20.7640085
2630	2.22928299	20.7735517
2631	2.23162866	20.7830967
2632	2.23397651	20.7926436
2633	2.23632656	20.8021923
2634	2.2386788	20.811743
2635	2.24103323	20.8212955
2636	2.24338986	20.8308499
2637	2.24574869	20.8404061
2638	2.24810972	20.8499643
2639	2.25047295	20.8595243
2640	2.25283838	20.8690863
2641	2.25520603	20.8786501
2642	2.25757588	20.8882157
2643	2.25994795	20.8977833
2644	2.26232223	20.9073528
2645	2.26469873	20.9169241
2646	2.26707745	20.9264974
2647	2.26945839	20.9360725
2648	2.27184155	20.9456496
2649	2.27422694	20.9552285
2650	2.27661456	20.9648093
2651	2.27900441	20.974392
2652	2.28139649	20.9839767
2653	2.28379081	20.9935632
2654	2.28618737	21.0031516
2655	2.28858616	21.0127419
2656	2.2909872	21.0223341
2657	2.29339049	21.0319283
2658	2.29579602	21.0415243
2659	2.2982038	21.0511222
2660	2.30061383	21.0607221
2661	2.30302612	21.0703238
2662	2.30544067	21.0799275
2663	2.30785747	21.0895331
2664	2.31027654	21.0991405
2665	2.31269787	21.1087499
2666	2.31512147	21.1183613
2667	2.31754733	21.1279745
2668	2.31997547	21.1375896
2669	2.32240588	21.1472067
2670	2.32483856	21.1568257
2671	2.32727353	21.1664466
2672	2.32971077	21.1760694
2673	2.3321503	21.1856942
2674	2.33459211	21.1953208
2675	2.33703622	21.2049494
2676	2.33948261	21.21458
2677	2.34193129	21.2242124
2678	2.34438227	21.2338468
2679	2.34683555	21.2434831
2680	2.34929113	21.2531214
2681	2.35174901	21.2627615
2682	2.35420919	21.2724036
2683	2.35667168	21.2820477
2684	2.35913648	21.2916937
2685	2.3616036	21.3013416
2686	2.36407303	21.3109914
2687	2.36654477	21.3206432
2688	2.36901884	21.330297
2689	2.37149522	21.3399526
2690	2.37397394	21.3496103
2691	2.37645497	21.3592698
2692	2.37893834	21.3689313
2693	2.38142404	21.3785948
2694	2.38391208	21.3882602
2695	2.38640245	21.3979276
2696	2.38889516	21.4075969
2697	2.39139021	21.4172681
2698	2.3938876	21.4269413
2699	2.39638735	21.4366165
2700	2.39888944	21.4462936
2701	2.40139388	21.4559727
2702	2.40390068	21.4656537
2703	2.40640983	21.4753367
2704	2.40892134	21.4850216
2705	2.41143522	21.4947085
2706	2.41395146	21.5043974
2707	2.41647006	21.5140882
2708	2.41899104	21.523781
2709	2.42151438	21.5334758
2710	2.4240401	21.5431725
2711	2.4265682	21.5528712
2712	2.42909868	21.5625719
2713	2.43163153	21.5722745
2714	2.43416678	21.5819791
2715	2.43670441	21.5916857
2716	2.43924442	21.6013942
2717	2.44178684	21.6111048
2718	2.44433164	21.6208173
2719	2.44687884	21.6305317
2720	2.44942844	21.6402482
2721	2.45198045	21.6499666
2722	2.45453486	21.6596871
2723	2.45709167	21.6694095
2724	2.4596509	21.6791338
2725	2.46221253	21.6888602
2726	2.46477659	21.6985886
2727	2.46734306	21.7083189
2728	2.46991195	21.7180512
2729	2.47248326	21.7277856
2730	2.475057	21.7375219
2731	2.47763317	21.7472602
2732	2.48021176	21.7570004
2733	2.48279279	21.7667427
2734	2.48537626	21.776487
2735	2.48796216	21.7862333
2736	2.4905505	21.7959816
2737	2.49314129	21.8057318
2738	2.49573453	21.8154841
2739	2.49833021	21.8252384
2740	2.50092834	21.8349946
2741	2.50352893	21.8447529
2742	2.50613197	21.8545132
2743	2.50873748	21.8642755
2744	2.51134544	21.8740398
2745	2.51395587	21.8838061
2746	2.51656877	21.8935744
2747	2.51918414	21.9033447
2748	2.52180198	21.913117
2749	2.52442229	21.9228914
2750	2.52704508	21.9326677
2751	2.52967035	21.9424461
2752	2.53229811	21.9522265
2753	2.53492835	21.9620089
2754	2.53756108	21.9717933
2755	2.5401963	21.9815798
2756	2.54283401	21.9913682
2757	2.54547422	22.0011587
2758	2.54811693	22.0109512
2759	2.55076214	22.0207458
2760	2.55340986	22.0305423
2761	2.55606008	22.0403409
2762	2.55871281	22.0501415
2763	2.56136806	22.0599442
2764	2.56402582	22.0697488
2765	2.56668609	22.0795555
2766	2.56934889	22.0893643
2767	2.57201421	22.099175
2768	2.57468206	22.1089878
2769	2.57735244	22.1188027
2770	2.58002535	22.1286196
2771	2.58270079	22.1384385
2772	2.58537877	22.1482594
2773	2.58805929	22.1580824
2774	2.59074235	22.1679075
2775	2.59342795	22.1777345
2776	2.59611611	22.1875637
2777	2.59880681	22.1973948
2778	2.60150007	22.207228
2779	2.60419588	22.2170633
2780	2.60689426	22.2269006
2781	2.60959519	22.23674
2782	2.61229869	22.2465814
2783	2.61500476	22.2564249
2784	2.61771339	22.2662704
2785	2.6204246	22.276118
2786	2.62313839	22.2859676
2787	2.62585475	22.2958193
2788	2.6285737	22.305673
2789	2.63129522	22.3155288
2790	2.63401934	22.3253867
2791	2.63674604	22.3352466
2792	2.63947534	22.3451086
2793	2.64220723	22.3549726
2794	2.64494172	22.3648388
2795	2.64767881	22.3747069
2796	2.6504185	22.3845772
2797	2.6531608	22.3944495
2798	2.65590571	22.4043239
2799	2.65865324	22.4142004
2800	2.66140337	22.4240789
2801	2.66415613	22.4339595
2802	2.6669115	22.4438422
2803	2.6696695	22.4537269
2804	2.67243012	22.4636138
2805	2.67519338	22.4735027
2806	2.67795926	22.4833937
2807	2.68072778	22.4932867
2808	2.68349894	22.5031819
2809	2.68627274	22.5130791
2810	2.68904918	22.5229784
2811	2.69182826	22.5328798
2812	2.69461	22.5427833
2813	2.69739439	22.5526889
2814	2.70018143	22.5625966
2815	2.70297113	22.5725063
2816	2.7057635	22.5824181
2817	2.70855852	22.5923321
2818	2.71135621	22.6022481
2819	2.71415657	22.6121662
2820	2.71695961	22.6220864
2821	2.71976532	22.6320088
2822	2.7225737	22.6419332
2823	2.72538477	22.6518597
2824	2.72819852	22.6617883
2825	2.73101496	22.671719
2826	2.73383409	22.6816518
2827	2.73665591	22.6915867
2828	2.73948043	22.7015237
2829	2.74230764	22.7114629
2830	2.74513756	22.7214041
2831	2.74797018	22.7313474
2832	2.75080551	22.7412929
2833	2.75364355	22.7512404
2834	2.7564843	22.7611901
2835	2.75932777	22.7711419
2836	2.76217396	22.7810958
2837	2.76502287	22.7910518
2838	2.7678745	22.8010099
2839	2.77072887	22.8109702
2840	2.77358596	22.8209325
2841	2.77644579	22.830897
2842	2.77930836	22.8408636
2843	2.78217367	22.8508323
2844	2.78504172	22.8608032
2845	2.78791251	22.8707762
2846	2.79078606	22.8807513
2847	2.79366235	22.8907285
2848	2.79654141	22.9007078
2849	2.79942322	22.9106893
2850	2.80230779	22.9206729
2851	2.80519513	22.9306587
2852	2.80808523	22.9406465
2853	2.8109781	22.9506365
2854	2.81387375	22.9606287
2855	2.81677218	22.9706229
2856	2.81967338	22.9806193
2857	2.82257736	22.9906179
2858	2.82548414	23.0006186
2859	2.8283937	23.0106214
2860	2.83130605	23.0206264
2861	2.83422119	23.0306335
2862	2.83713914	23.0406427
2863	2.84005988	23.0506541
2864	2.84298343	23.0606677
2865	2.84590979	23.0706834
2866	2.84883896	23.0807012
2867	2.85177094	23.0907212
2868	2.85470573	23.1007433
2869	2.85764335	23.1107676
2870	2.86058379	23.1207941
2871	2.86352705	23.1308226
2872	2.86647314	23.1408534
2873	2.86942207	23.1508863
2874	2.87237383	23.1609214
2875	2.87532842	23.1709586
2876	2.87828586	23.180998
2877	2.88124615	23.1910395
2878	2.88420928	23.2010832
2879	2.88717526	23.2111291
2880	2.8901441	23.2211771
2881	2.89311579	23.2312273
2882	2.89609034	23.2412796
2883	2.89906776	23.2513342
2884	2.90204804	23.2613909
2885	2.90503119	23.2714497
2886	2.90801721	23.2815108
2887	2.91100612	23.291574
2888	2.91399789	23.3016393
2889	2.91699256	23.3117069
2890	2.9199901	23.3217766
2891	2.92299054	23.3318485
2892	2.92599387	23.3419226
2893	2.92900009	23.3519989
2894	2.93200921	23.3620773
2895	2.93502124	23.3721579
2896	2.93803616	23.3822407
2897	2.941054	23.3923257
2898	2.94407475	23.4024129
2899	2.94709841	23.4125022
2900	2.95012499	23.4225937
2901	2.95315448	23.4326875
2902	2.95618691	23.4427834
2903	2.95922226	23.4528815
2904	2.96226054	23.4629818
2905	2.96530176	23.4730843
2906	2.96834591	23.483189
2907	2.971393	23.4932958
2908	2.97444304	23.5034049
2909	2.97749602	23.5135162
2910	2.98055195	23.5236296
2911	2.98361084	23.5337453
2912	2.98667268	23.5438631
2913	2.98973748	23.5539832
2914	2.99280525	23.5641055
2915	2.99587598	23.5742299
2916	2.99894969	23.5843566
2917	3.00202636	23.5944855
2918	3.00510601	23.6046166
2919	3.00818865	23.6147498
2920	3.01127426	23.6248853
2921	3.01436286	23.635023
2922	3.01745445	23.645163
2923	3.02054904	23.6553051
2924	3.02364662	23.6654494
2925	3.0267472	23.675596
2926	3.02985078	23.6857448
2927	3.03295737	23.6958957
2928	3.03606697	23.7060489
2929	3.03917958	23.7162044
2930	3.04229521	23.726362
2931	3.04541386	23.7365219
2932	3.04853553	23.746684
2933	3.05166023	23.7568483
2934	3.05478796	23.7670148
2935	3.05791872	23.7771835
2936	3.06105252	23.7873545
2937	3.06418935	23.7975277
2938	3.06732924	23.8077032
2939	3.07047216	23.8178808
2940	3.07361814	23.8280607
2941	3.07676718	23.8382429
2942	3.07991927	23.8484272
2943	3.08307442	23.8586138
2944	3.08623263	23.8688026
2945	3.08939391	23.8789937
2946	3.09255826	23.889187
2947	3.09572569	23.8993826
2948	3.09889619	23.9095803
2949	3.10206978	23.9197804
2950	3.10524645	23.9299826
2951	3.10842621	23.9401871
2952	3.11160906	23.9503939
2953	3.114795	23.9606029
2954	3.11798404	23.9708141
2955	3.12117619	23.9810276
2956	3.12437144	23.9912433
2957	3.1275698	24.0014613
2958	3.13077127	24.0116815
2959	3.13397585	24.021904
2960	3.13718356	24.0321287
2961	3.14039439	24.0423557
2962	3.14360834	24.052585
2963	3.14682543	24.0628165
2964	3.15004565	24.0730502
2965	3.153269	24.0832862
2966	3.1564955	24.0935245
2967	3.15972514	24.103765
2968	3.16295792	24.1140078
2969	3.16619386	24.1242528
2970	3.16943295	24.1345002
2971	3.1726752	24.1447497
2972	3.17592061	24.1550016
2973	3.17916919	24.1652557
2974	3.18242094	24.1755121
2975	3.18567585	24.1857707
2976	3.18893395	24.1960316
2977	3.19219522	24.2062948
2978	3.19545968	24.2165603
2979	3.19872732	24.226828
2980	3.20199815	24.237098
2981	3.20527218	24.2473703
2982	3.2085494	24.2576448
2983	3.21182983	24.2679216
2984	3.21511346	24.2782007
2985	3.21840029	24.2884821
2986	3.22169034	24.2987658
2987	3.22498361	24.3090517
2988	3.22828009	24.31934
2989	3.2315798	24.3296305
2990	3.23488273	24.3399233
2991	3.23818889	24.3502183
2992	3.24149829	24.3605157
2993	3.24481092	24.3708153
2994	3.2481268	24.3811173
2995	3.25144592	24.3914215
2996	3.25476828	24.401728
2997	3.2580939	24.4120368
2998	3.26142278	24.4223479
2999	3.26475491	24.4326613
3000	3.26809031	24.442977
3001	3.27142897	24.453295
3002	3.2747709	24.4636153
3003	3.27811611	24.4739379
3004	3.2814646	24.4842628
3005	3.28481636	24.4945899
3006	3.28817142	24.5049194
3007	3.29152976	24.5152512
3008	3.29489139	24.5255853
3009	3.29825632	24.5359217
3010	3.30162455	24.5462604
3011	3.30499608	24.5566014
3012	3.30837092	24.5669447
3013	3.31174908	24.5772903
3014	3.31513054	24.5876382
3015	3.31851533	24.5979884
3016	3.32190344	24.608341
3017	3.32529487	24.6186958
3018	3.32868964	24.629053
3019	3.33208774	24.6394125
3020	3.33548917	24.6497743
3021	3.33889395	24.6601384
3022	3.34230207	24.6705048
3023	3.34571355	24.6808736
3024	3.34912837	24.6912446
3025	3.35254655	24.701618
3026	3.35596809	24.7119937
3027	3.359393	24.7223717
3028	3.36282128	24.7327521
3029	3.36625292	24.7431348
3030	3.36968794	24.7535198
3031	3.37312635	24.7639071
3032	3.37656813	24.7742968
3033	3.3800133	24.7846887
3034	3.38346187	24.7950831
3035	3.38691383	24.8054797
3036	3.39036918	24.8158787
3037	3.39382794	24.82628
3038	3.39729011	24.8366836
3039	3.40075569	24.8470896
3040	3.40422468	24.8574979
3041	3.40769709	24.8679086
3042	3.41117292	24.8783215
3043	3.41465218	24.8887369
3044	3.41813487	24.8991545
3045	3.42162099	24.9095745
3046	3.42511055	24.9199969
3047	3.42860355	24.9304216
3048	3.4321	24.9408486
3049	3.43559989	24.951278
3050	3.43910324	24.9617097
3051	3.44261005	24.9721437
3052	3.44612032	24.9825801
3053	3.44963405	24.9930189
3054	3.45315126	25.00346
3055	3.45667193	25.0139035
3056	3.46019609	25.0243493
3057	3.46372372	25.0347974
3058	3.46725484	25.045248
3059	3.47078945	25.0557008
3060	3.47432756	25.066156
3061	3.47786916	25.0766136
3062	3.48141426	25.0870736
3063	3.48496287	25.0975359
3064	3.48851498	25.1080005
3065	3.49207061	25.1184675
3066	3.49562976	25.1289369
3067	3.49919242	25.1394086
3068	3.50275862	25.1498827
3069	3.50632834	25.1603592
3070	3.50990159	25.170838
3071	3.51347838	25.1813192
3072	3.51705872	25.1918028
3073	3.5206426	25.2022887
3074	3.52423003	25.212777
3075	3.52782101	25.2232676
3076	3.53141555	25.2337607
3077	3.53501365	25.2442561
3078	3.53861532	25.2547539
3079	3.54222056	25.265254
3080	3.54582937	25.2757565
3081	3.54944176	25.2862614
3082	3.55305774	25.2967687
3083	3.55667729	25.3072784
3084	3.56030044	25.3177904
3085	3.56392719	25.3283048
3086	3.56755753	25.3388216
3087	3.57119148	25.3493407
3088	3.57482903	25.3598623
3089	3.5784702	25.3703862
3090	3.58211498	25.3809126
3091	3.58576338	25.3914413
3092	3.5894154	25.4019723
3093	3.59307105	25.4125058
3094	3.59673033	25.4230417
3095	3.60039325	25.4335799
3096	3.60405981	25.4441206
3097	3.60773001	25.4546636
3098	3.61140387	25.465209
3099	3.61508137	25.4757568
3100	3.61876254	25.486307
3101	3.62244736	25.4968596
3102	3.62613585	25.5074146
3103	3.62982801	25.517972
3104	3.63352384	25.5285318
3105	3.63722336	25.539094
3106	3.64092655	25.5496585
3107	3.64463343	25.5602255
3108	3.648344	25.5707949
3109	3.65205827	25.5813667
3110	3.65577624	25.5919409
3111	3.65949791	25.6025174
3112	3.66322329	25.6130964
3113	3.66695238	25.6236778
3114	3.67068519	25.6342616
3115	3.67442172	25.6448478
3116	3.67816197	25.6554364
3117	3.68190596	25.6660275
3118	3.68565368	25.6766209
3119	3.68940513	25.6872167
3120	3.69316033	25.697815
3121	3.69691928	25.7084156
3122	3.70068197	25.7190187
3123	3.70444843	25.7296242
3124	3.70821864	25.7402321
3125	3.71199262	25.7508424
3126	3.71577036	25.7614551
3127	3.71955188	25.7720703
3128	3.72333717	25.7826879
3129	3.72712625	25.7933078
3130	3.73091911	25.8039302
3131	3.73471577	25.8145551
3132	3.73851622	25.8251823
3133	3.74232046	25.835812
3134	3.74612851	25.8464441
3135	3.74994037	25.8570786
3136	3.75375605	25.8677155
3137	3.75757553	25.8783549
3138	3.76139884	25.8889967
3139	3.76522598	25.8996409
3140	3.76905695	25.9102876
3141	3.77289175	25.9209366
3142	3.77673038	25.9315882
3143	3.78057287	25.9422421
3144	3.7844192	25.9528985
3145	3.78826938	25.9635573
3146	3.79212342	25.9742185
3147	3.79598132	25.9848822
3148	3.79984309	25.9955483
3149	3.80370873	26.0062168
3150	3.80757824	26.0168878
3151	3.81145163	26.0275612
3152	3.81532891	26.038237
3153	3.81921007	26.0489153
3154	3.82309513	26.0595961
3155	3.82698409	26.0702792
3156	3.83087694	26.0809649
3157	3.83477371	26.0916529
3158	3.83867438	26.1023434
3159	3.84257897	26.1130363
3160	3.84648748	26.1237317
3161	3.85039992	26.1344296
3162	3.85431628	26.1451298
3163	3.85823658	26.1558326
3164	3.86216081	26.1665377
3165	3.86608899	26.1772454
3166	3.87002112	26.1879554
3167	3.8739572	26.198668
3168	3.87789724	26.2093829
3169	3.88184124	26.2201004
3170	3.8857892	26.2308202
3171	3.88974113	26.2415426
3172	3.89369704	26.2522674
3173	3.89765693	26.2629946
3174	3.90162081	26.2737243
3175	3.90558867	26.2844565
3176	3.90956053	26.2951911
3177	3.91353639	26.3059281
3178	3.91751625	26.3166677
3179	3.92150011	26.3274097
3180	3.92548799	26.3381541
3181	3.92947989	26.348901
3182	3.93347581	26.3596504
3183	3.93747576	26.3704022
3184	3.94147973	26.3811565
3185	3.94548775	26.3919133
3186	3.9494998	26.4026725
3187	3.9535159	26.4134342
3188	3.95753605	26.4241984
3189	3.96156026	26.434965
3190	3.96558852	26.4457341
3191	3.96962085	26.4565057
3192	3.97365725	26.4672797
3193	3.97769772	26.4780562
3194	3.98174228	26.4888352
3195	3.98579091	26.4996167
3196	3.98984363	26.5104006
3197	3.99390045	26.521187
3198	3.99796137	26.5319759
3199	4.00202638	26.5427672
3200	4.00609551	26.553561
3201	4.01016875	26.5643573
3202	4.0142461	26.5751561
3203	4.01832758	26.5859574
3204	4.02241318	26.5967611
3205	4.02650291	26.6075673
3206	4.03059679	26.618376
3207	4.0346948	26.6291872
3208	4.03879696	26.6400008
3209	4.04290327	26.650817
3210	4.04701373	26.6616356
3211	4.05112836	26.6724567
3212	4.05524715	26.6832803
3213	4.05937012	26.6941063
3214	4.06349726	26.7049349
3215	4.06762858	26.7157659
3216	4.07176408	26.7265995
3217	4.07590378	26.7374355
3218	4.08004767	26.748274
3219	4.08419576	26.759115
3220	4.08834805	26.7699585
3221	4.09250456	26.7808044
3222	4.09666528	26.7916529
3223	4.10083022	26.8025039
3224	4.10499938	26.8133573
3225	4.10917278	26.8242133
3226	4.11335041	26.8350717
3227	4.11753228	26.8459326
3228	4.12171839	26.8567961
3229	4.12590875	26.867662
3230	4.13010337	26.8785304
3231	4.13430225	26.8894013
3232	4.13850539	26.9002747
3233	4.14271281	26.9111507
3234	4.14692449	26.9220291
3235	4.15114046	26.93291
3236	4.15536072	26.9437934
3237	4.15958526	26.9546793
3238	4.1638141	26.9655677
3239	4.16804723	26.9764586
3240	4.17228468	26.9873521
3241	4.17652643	26.998248
3242	4.1807725	27.0091464
3243	4.18502289	27.0200473
3244	4.1892776	27.0309508
3245	4.19353665	27.0418567
3246	4.19780003	27.0527652
3247	4.20206775	27.0636761
3248	4.20633982	27.0745896
3249	4.21061623	27.0855056
3250	4.21489701	27.0964241
3251	4.21918215	27.1073451
3252	4.22347165	27.1182686
3253	4.22776552	27.1291946
3254	4.23206377	27.1401231
3255	4.23636641	27.1510541
3256	4.24067343	27.1619877
3257	4.24498484	27.1729237
3258	4.24930065	27.1838623
3259	4.25362087	27.1948034
3260	4.25794549	27.205747
3261	4.26227452	27.2166931
3262	4.26660798	27.2276418
3263	4.27094585	27.2385929
3264	4.27528816	27.2495466
3265	4.2796349	27.2605028
3266	4.28398608	27.2714615
3267	4.2883417	27.2824227
3268	4.29270177	27.2933865
3269	4.2970663	27.3043528
3270	4.30143529	27.3153215
3271	4.30580875	27.3262929
3272	4.31018667	27.3372667
3273	4.31456907	27.348243
3274	4.31895596	27.3592219
3275	4.32334733	27.3702033
3276	4.32774319	27.3811872
3277	4.33214355	27.3921737
3278	4.33654842	27.4031627
3279	4.34095779	27.4141542
3280	4.34537167	27.4251482
3281	4.34979008	27.4361447
3282	4.35421301	27.4471438
3283	4.35864046	27.4581454
3284	4.36307246	27.4691495
3285	4.36750899	27.4801562
3286	4.37195007	27.4911654
3287	4.3763957	27.5021771
3288	4.38084589	27.5131914
3289	4.38530064	27.5242081
3290	4.38975995	27.5352275
3291	4.39422384	27.5462493
3292	4.39869231	27.5572737
3293	4.40316536	27.5683006
3294	4.407643	27.57933
3295	4.41212524	27.590362
3296	4.41661208	27.6013965
3297	4.42110352	27.6124335
3298	4.42559957	27.6234731
3299	4.43010024	27.6345152
3300	4.43460553	27.6455599