200 1.42424462 0
201 1.42260228 0
202 1.42101197 0
203 1.41947104 0
204 1.417977 0
205 1.41652755 0
206 1.41512057 0
207 1.41375406 0
208 1.41242618 0
209 1.41113518 0
210 1.40987946 0
211 1.40865748 0
212 1.40746782 0
213 1.40630915 0
214 1.4051802 0
215 1.40407978 0
216 1.40300677 0
217 1.4019601 0
218 1.40093878 0
219 1.39994187 0
220 1.39896845 0
221 1.39801768 0
222 1.39708875 0
223 1.39618089 0
224 1.39529337 0
225 1.3944255 0
226 1.39357661 0
227 1.39274607 0
228 1.39193328 0
229 1.39113766 0
230 1.39035867 0
231 1.38959579 0
232 1.3888485 0
233 1.38811633 0
234 1.38739882 0
235 1.38669553 0
236 1.38600604 0
237 1.38532994 0
238 1.38466684 0
239 1.38401638 0
240 1.38337818 0
241 1.38275192 0
242 1.38213725 0
243 1.38153385 0
244 1.38094143 0
245 1.38035968 0
246 1.37978832 0
247 1.37922707 0
248 1.37867568 0
249 1.37813388 0
250 1.37760143 0
251 1.3770781 0
252 1.37656364 0
253 1.37605785 0
254 1.37556051 0
255 1.37507141 0
256 1.37459035 0
257 1.37411713 0
258 1.37365158 0
259 1.3731935 0
260 1.37274273 0
261 1.37229909 0
262 1.37186241 0
263 1.37143255 0
264 1.37100934 0
265 1.37059264 0
266 1.3701823 0
267 1.36977817 0
268 1.36938013 0
269 1.36898803 0
270 1.36860175 0
271 1.36822117 0
272 1.36784616 0
273 1.36747661 0
274 1.3671124 0
275 1.36675341 0
276 1.36639955 0
277 1.3660507 0
278 1.36570676 0
279 1.36536763 0
280 1.36503322 0
281 1.36470343 0
282 1.36437817 0
283 1.36405734 0
284 1.36374087 0
285 1.36342867 0
286 1.36312065 0
287 1.36281673 0
288 1.36251684 0
289 1.3622209 0
290 1.36192883 0
291 1.36164056 0
292 1.36135602 0
293 1.36107515 0
294 1.36079786 0
295 1.36052411 0
296 1.36025381 0
297 1.35998692 0
298 1.35972337 0
299 1.35946309 0
300 1.35920604 0
301 1.35895215 0
302 1.35870137 0
303 1.35845364 0
304 1.35820891 0
305 1.35796713 0
306 1.35772825 0
307 1.35749222 0
308 1.35725898 0
309 1.3570285 0
310 1.35680072 0
311 1.35657561 0
312 1.35635311 0
313 1.35613318 0
314 1.35591579 0
315 1.35570088 0
316 1.35548842 0
317 1.35527837 0
318 1.35507068 0
319 1.35486533 0
320 1.35466227 0
321 1.35446147 0
322 1.35426289 0
323 1.3540665 0
324 1.35387226 0
325 1.35368014 0
326 1.3534901 0
327 1.35330212 0
328 1.35311616 0
329 1.35293219 0
330 1.35275018 0
331 1.3525701 0
332 1.35239192 0
333 1.35221561 0
334 1.35204115 0
335 1.3518685 0
336 1.35169765 0
337 1.35152856 0
338 1.3513612 0
339 1.35119556 0
340 1.35103161 0
341 1.35086931 0
342 1.35070866 0
343 1.35054962 0
344 1.35039218 0
345 1.3502363 0
346 1.35008197 0
347 1.34992916 0
348 1.34977786 0
349 1.34962804 0
350 1.34947968 0
351 1.34933276 0
352 1.34918727 0
353 1.34904317 0
354 1.34890046 0
355 1.34875911 0
356 1.34861911 0
357 1.34848043 0
358 1.34834306 0
359 1.34820698 0
360 1.34807218 0
361 1.34793863 0
362 1.34780632 0
363 1.34767523 0
364 1.34754535 0
365 1.34741667 0
366 1.34728915 0
367 1.3471628 0
368 1.34703759 0
369 1.34691352 0
370 1.34679055 0
371 1.34666869 0
372 1.34654792 0
373 1.34642822 0
374 1.34630957 0
375 1.34619198 0
376 1.34607541 0
377 1.34595987 0
378 1.34584533 0
379 1.34573179 0
380 1.34561923 0
381 1.34550764 0
382 1.345397 0
383 1.34528731 0
384 1.34517856 0
385 1.34507073 0
386 1.34496381 0
387 1.34485779 0
388 1.34475265 0
389 1.3446484 0
390 1.34454502 0
391 1.34444249 0
392 1.34434081 0
393 1.34423997 0
394 1.34413995 0
395 1.34404075 0
396 1.34394236 0
397 1.34384477 0
398 1.34374796 0
399 1.34365194 0
400 1.34355668 0
401 1.34346219 0
402 1.34336845 0
403 1.34327545 0
404 1.34318319 0
405 1.34309165 0
406 1.34300084 0
407 1.34291073 0
408 1.34282133 0
409 1.34273262 0
410 1.34264459 0
411 1.34255725 0
412 1.34247057 0
413 1.34238456 0
414 1.34229921 0
415 1.3422145 0
416 1.34213044 0
417 1.34204701 0
418 1.34196421 0
419 1.34188203 0
420 1.34180046 0
421 1.3417195 0
422 1.34163914 0
423 1.34155937 0
424 1.34148019 0
425 1.34140159 0
426 1.34132356 0
427 1.34124611 0
428 1.34116922 0
429 1.34109288 0
430 1.34101709 0
431 1.34094185 0
432 1.34086715 0
433 1.34079297 0
434 1.34071933 0
435 1.34064621 0
436 1.34057361 0
437 1.34050151 0
438 1.34042992 0
439 1.34035884 0
440 1.34028824 0
441 1.34021814 0
442 1.34014852 0
443 1.34007938 0
444 1.34001072 0
445 1.33994253 0
446 1.3398748 0
447 1.33980753 0
448 1.33974072 0
449 1.33967436 0
450 1.33960845 0
451 1.33954298 0
452 1.33947795 0
453 1.33941335 0
454 1.33934917 0
455 1.33928543 0
456 1.3392221 0
457 1.33915919 0
458 1.3390967 0
459 1.33903461 0
460 1.33897292 0
461 1.33891163 0
462 1.33885075 0
463 1.33879025 0
464 1.33873014 0
465 1.33867042 0
466 1.33861107 0
467 1.33855211 0
468 1.33849351 0
469 1.33843529 0
470 1.33837743 0
471 1.33831994 0
472 1.33826281 0
473 1.33820603 0
474 1.3381496 0
475 1.33809352 0
476 1.33803779 0
477 1.3379824 0
478 1.33792735 0
479 1.33787264 0
480 1.33781826 0
481 1.33776421 0
482 1.33771048 0
483 1.33765708 0
484 1.337604 0
485 1.33755124 0
486 1.33749879 0
487 1.33744666 0
488 1.33739483 0
489 1.33734331 0
490 1.33729209 0
491 1.33724117 0
492 1.33719055 0
493 1.33714022 0
494 1.33709019 0
495 1.33704045 0
496 1.33699099 0
497 1.33694182 0
498 1.33689292 0
499 1.33684431 0
500 1.33679598 0
501 1.33674792 0
502 1.33670013 0
503 1.3366526 0
504 1.33660535 0
505 1.33655836 0
506 1.33651163 0
507 1.33646517 0
508 1.33641896 0
509 1.336373 0
510 1.3363273 0
511 1.33628185 0
512 1.33623664 0
513 1.33619169 0
514 1.33614697 0
515 1.3361025 0
516 1.33605827 0
517 1.33601428 0
518 1.33597052 0
519 1.33592699 0
520 1.3358837 0
521 1.33584064 0
522 1.3357978 0
523 1.33575519 0
524 1.3357128 0
525 1.33567064 0
526 1.33562869 0
527 1.33558697 0
528 1.33554545 0
529 1.33550416 0
530 1.33546307 0
531 1.3354222 0
532 1.33538153 0
533 1.33534108 0
534 1.33530082 0
535 1.33526077 0
536 1.33522093 0
537 1.33518128 0
538 1.33514183 0
539 1.33510258 0
540 1.33506352 0
541 1.33502466 0
542 1.33498599 0
543 1.3349475 0
544 1.33490921 0
545 1.3348711 0
546 1.33483318 0
547 1.33479545 0
548 1.33475789 0
549 1.33472052 0
550 1.33468333 0
551 1.33464631 0
552 1.33460948 0
553 1.33457281 0
554 1.33453632 0
555 1.3345 0
556 1.33446386 0
557 1.33442788 0
558 1.33439207 0
559 1.33435643 0
560 1.33432095 0
561 1.33428564 0
562 1.33425049 0
563 1.3342155 0
564 1.33418067 0
565 1.334146 0
566 1.33411149 0
567 1.33407713 0
568 1.33404293 0
569 1.33400888 0
570 1.33397499 0
571 1.33394124 0
572 1.33390765 0
573 1.3338742 0
574 1.33384091 0
575 1.33380776 0
576 1.33377475 0
577 1.33374189 0
578 1.33370917 0
579 1.33367659 0
580 1.33364416 0
581 1.33361186 0
582 1.33357971 0
583 1.33354769 0
584 1.3335158 0
585 1.33348406 0
586 1.33345244 0
587 1.33342096 0
588 1.33338962 0
589 1.3333584 0
590 1.33332731 0
591 1.33329636 0
592 1.33326553 0
593 1.33323482 0
594 1.33320425 0
595 1.3331738 0
596 1.33314347 0
597 1.33311327 0
598 1.33308319 0
599 1.33305323 0
600 1.33302339 0
601 1.33299367 0
602 1.33296407 0
603 1.33293459 0
604 1.33290522 0
605 1.33287597 0
606 1.33284684 0
607 1.33281782 0
608 1.33278891 0
609 1.33276011 0
610 1.33273143 0
611 1.33270286 0
612 1.33267439 0
613 1.33264604 0
614 1.33261779 0
615 1.33258966 0
616 1.33256162 0
617 1.3325337 0
618 1.33250588 0
619 1.33247816 0
620 1.33245055 0
621 1.33242304 0
622 1.33239563 0
623 1.33236832 0
624 1.33234111 0
625 1.332314 0
626 1.33228699 0
627 1.33226008 0
628 1.33223327 0
629 1.33220655 0
630 1.33217993 0
631 1.33215341 0
632 1.33212697 0
633 1.33210064 0
634 1.33207439 0
635 1.33204824 0
636 1.33202218 0
637 1.33199621 0
638 1.33197033 0
639 1.33194454 0
640 1.33191884 0
641 1.33189323 0
642 1.33186771 0
643 1.33184227 0
644 1.33181692 0
645 1.33179165 0
646 1.33176647 0
647 1.33174138 0
648 1.33171637 0
649 1.33169144 0
650 1.3316666 0
651 1.33164183 0
652 1.33161715 0
653 1.33159255 0
654 1.33156803 0
655 1.33154359 0
656 1.33151923 0
657 1.33149495 0
658 1.33147074 0
659 1.33144661 0
660 1.33142256 0
661 1.33139859 0
662 1.33137469 0
663 1.33135087 0
664 1.33132712 0
665 1.33130344 0
666 1.33127984 0
667 1.33125631 0
668 1.33123286 0
669 1.33120947 0
670 1.33118616 0
671 1.33116292 0
672 1.33113975 0
673 1.33111665 0
674 1.33109362 0
675 1.33107066 0
676 1.33104776 0
677 1.33102494 0
678 1.33100218 0
679 1.33097948 0
680 1.33095686 0
681 1.3309343 0
682 1.33091181 0
683 1.33088938 0
684 1.33086701 0
685 1.33084471 0
686 1.33082247 0
687 1.3308003 0
688 1.33077819 0
689 1.33075614 0
690 1.33073415 0
691 1.33071223 0
692 1.33069036 0
693 1.33066856 0
694 1.33064682 0
695 1.33062513 0
696 1.33060351 0
697 1.33058194 0
698 1.33056043 0
699 1.33053898 0
700 1.33051759 0
701 1.33049626 0
702 1.33047498 0
703 1.33045375 0
704 1.33043259 0
705 1.33041148 0
706 1.33039042 0
707 1.33036942 0
708 1.33034847 0
709 1.33032758 0
710 1.33030674 0
711 1.33028595 0
712 1.33026522 0
713 1.33024454 0
714 1.33022391 0
715 1.33020333 0
716 1.3301828 0
717 1.33016233 0
718 1.3301419 0
719 1.33012153 0
720 1.3301012 0
721 1.33008093 0
722 1.3300607 0
723 1.33004052 0
724 1.33002039 0
725 1.33000031 0
726 1.32998028 0
727 1.32996029 0
728 1.32994035 0
729 1.32992046 0
730 1.32990061 0
731 1.32988081 0
732 1.32986106 0
733 1.32984135 0
734 1.32982169 0
735 1.32980207 0
736 1.32978249 0
737 1.32976296 0
738 1.32974347 0
739 1.32972403 0
740 1.32970463 0
741 1.32968527 0
742 1.32966595 0
743 1.32964668 0
744 1.32962745 0
745 1.32960826 0
746 1.32958911 0
747 1.32957 0
748 1.32955094 0
749 1.32953191 0
750 1.32951292 0
751 1.32949398 0
752 1.32947507 0
753 1.3294562 0
754 1.32943737 0
755 1.32941858 0
756 1.32939983 0
757 1.32938112 0
758 1.32936244 0
759 1.3293438 0
760 1.3293252 0
761 1.32930664 0
762 1.32928811 0
763 1.32926962 0
764 1.32925116 0
765 1.32923275 0
766 1.32921436 0
767 1.32919602 0
768 1.3291777 0
769 1.32915942 0
770 1.32914118 0
771 1.32912297 0
772 1.3291048 0
773 1.32908666 0
774 1.32906855 0
775 1.32905048 0
776 1.32903244 0
777 1.32901443 0
778 1.32899645 0
779 1.32897851 0
780 1.3289606 0
781 1.32894272 0
782 1.32892488 0
783 1.32890706 0
784 1.32888928 0
785 1.32887152 0
786 1.3288538 0
787 1.32883611 0
788 1.32881845 0
789 1.32880082 0
790 1.32878321 0
791 1.32876564 0
792 1.3287481 0
793 1.32873059 0
794 1.3287131 0
795 1.32869564 0
796 1.32867822 0
797 1.32866082 0
798 1.32864345 0
799 1.3286261 0
800 1.32860879 0
801 1.3285915 0
802 1.32857424 0
803 1.32855701 0
804 1.3285398 0
805 1.32852262 0
806 1.32850546 0
807 1.32848834 0
808 1.32847123 0
809 1.32845416 0
810 1.32843711 0
811 1.32842008 0
812 1.32840308 0
813 1.32838611 0
814 1.32836916 0
815 1.32835223 0
816 1.32833533 0
817 1.32831846 0
818 1.3283016 0
819 1.32828477 0
820 1.32826797 0
821 1.32825119 0
822 1.32823443 0
823 1.32821769 0
824 1.32820098 0
825 1.32818429 0
826 1.32816763 0
827 1.32815098 0
828 1.32813436 0
829 1.32811776 0
830 1.32810118 0
831 1.32808462 0
832 1.32806809 0
833 1.32805157 0
834 1.32803508 0
835 1.32801861 0
836 1.32800216 0
837 1.32798573 0
838 1.32796932 0
839 1.32795293 0
840 1.32793656 0
841 1.32792021 0
842 1.32790388 0
843 1.32788757 0
844 1.32787128 0
845 1.327855 0
846 1.32783875 0
847 1.32782252 0
848 1.3278063 0
849 1.32779011 0
850 1.32777393 0
851 1.32775777 0
852 1.32774163 0
853 1.32772551 0
854 1.3277094 0
855 1.32769332 0
856 1.32767725 0
857 1.32766119 0
858 1.32764516 0
859 1.32762914 0
860 1.32761314 0
861 1.32759715 0
862 1.32758119 0
863 1.32756524 0
864 1.3275493 0
865 1.32753338 0
866 1.32751748 0
867 1.32750159 0
868 1.32748572 0
869 1.32746987 0
870 1.32745403 0
871 1.3274382 0
872 1.32742239 0
873 1.3274066 0
874 1.32739082 0
875 1.32737506 0
876 1.32735931 0
877 1.32734357 0
878 1.32732785 0
879 1.32731215 0
880 1.32729645 0
881 1.32728077 0
882 1.32726511 0
883 1.32724946 0
884 1.32723382 0
885 1.3272182 0
886 1.32720259 0
887 1.32718699 0
888 1.32717141 0
889 1.32715584 0
890 1.32714028 0
891 1.32712473 0
892 1.3271092 0
893 1.32709368 0
894 1.32707817 0
895 1.32706267 0
896 1.32704719 0
897 1.32703172 0
898 1.32701625 0
899 1.32700081 0
900 1.32698537 0
901 1.32696994 0
902 1.32695453 0
903 1.32693912 0
904 1.32692373 0
905 1.32690835 0
906 1.32689298 0
907 1.32687762 0
908 1.32686227 0
909 1.32684693 0
910 1.3268316 0
911 1.32681629 0
912 1.32680098 0
913 1.32678568 0
914 1.32677039 0
915 1.32675511 0
916 1.32673984 0
917 1.32672459 0
918 1.32670934 0
919 1.3266941 0
920 1.32667886 0
921 1.32666364 0
922 1.32664843 0
923 1.32663323 0
924 1.32661803 0
925 1.32660284 0
926 1.32658767 0
927 1.3265725 0
928 1.32655734 0
929 1.32654218 0
930 1.32652704 0
931 1.3265119 0
932 1.32649677 0
933 1.32648165 0
934 1.32646654 0
935 1.32645143 0
936 1.32643634 0
937 1.32642125 0
938 1.32640616 0
939 1.32639109 0
940 1.32637602 0
941 1.32636096 0
942 1.3263459 0
943 1.32633085 0
944 1.32631581 0
945 1.32630078 0
946 1.32628575 0
947 1.32627073 0
948 1.32625571 0
949 1.3262407 0
950 1.3262257 0
951 1.3262107 0
952 1.32619571 0
953 1.32618073 0
954 1.32616575 0
955 1.32615077 0
956 1.32613581 0
957 1.32612084 0
958 1.32610589 0
959 1.32609093 0
960 1.32607599 0
961 1.32606105 0
962 1.32604611 0
963 1.32603118 0
964 1.32601625 0
965 1.32600133 0
966 1.32598641 0
967 1.3259715 0
968 1.32595659 0
969 1.32594169 0
970 1.32592679 0
971 1.32591189 0
972 1.325897 0
973 1.32588211 0
974 1.32586723 0
975 1.32585235 0
976 1.32583747 0
977 1.3258226 0
978 1.32580773 0
979 1.32579287 0
980 1.32577801 0
981 1.32576315 0
982 1.32574829 0
983 1.32573344 0
984 1.32571859 0
985 1.32570375 0
986 1.3256889 0
987 1.32567406 0
988 1.32565923 0
989 1.32564439 0
990 1.32562956 0
991 1.32561473 0
992 1.3255999 0
993 1.32558508 0
994 1.32557026 0
995 1.32555544 0
996 1.32554062 0
997 1.3255258 0
998 1.32551099 0
999 1.32549618 0
1000 1.32548137 0
1001 1.32546656 0
1002 1.32545175 0
1003 1.32543695 0
1004 1.32542214 0
1005 1.32540734 0
1006 1.32539254 0
1007 1.32537774 0
1008 1.32536294 0
1009 1.32534814 0
1010 1.32533335 0
1011 1.32531855 0
1012 1.32530376 0
1013 1.32528896 0
1014 1.32527417 0
1015 1.32525938 0
1016 1.32524458 0
1017 1.32522979 0
1018 1.325215 0
1019 1.32520021 0
1020 1.32518542 0
1021 1.32517063 0
1022 1.32515584 0
1023 1.32514105 0
1024 1.32512626 0
1025 1.32511147 0
1026 1.32509668 0
1027 1.32508189 0
1028 1.3250671 0
1029 1.32505231 0
1030 1.32503752 0
1031 1.32502273 0
1032 1.32500793 0
1033 1.32499314 0
1034 1.32497835 0
1035 1.32496355 0
1036 1.32494876 0
1037 1.32493396 0
1038 1.32491916 0
1039 1.32490436 0
1040 1.32488956 0
1041 1.32487476 0
1042 1.32485996 0
1043 1.32484516 0
1044 1.32483035 0
1045 1.32481555 0
1046 1.32480074 0
1047 1.32478593 0
1048 1.32477112 0
1049 1.3247563 0
1050 1.32474149 0
1051 1.32472667 0
1052 1.32471186 0
1053 1.32469704 0
1054 1.32468221 0
1055 1.32466739 0
1056 1.32465256 0
1057 1.32463773 0
1058 1.3246229 0
1059 1.32460807 0
1060 1.32459323 0
1061 1.32457839 0
1062 1.32456355 0
1063 1.32454871 0
1064 1.32453386 0
1065 1.32451901 0
1066 1.32450416 0
1067 1.32448931 0
1068 1.32447445 0
1069 1.32445959 0
1070 1.32444472 0
1071 1.32442986 0
1072 1.32441499 0
1073 1.32440011 0
1074 1.32438523 0
1075 1.32437035 0
1076 1.32435547 0
1077 1.32434058 0
1078 1.32432569 0
1079 1.3243108 0
1080 1.3242959 0
1081 1.324281 0
1082 1.32426609 0
1083 1.32425118 0
1084 1.32423627 0
1085 1.32422135 0
1086 1.32420643 0
1087 1.3241915 0
1088 1.32417657 0
1089 1.32416164 0
1090 1.3241467 0
1091 1.32413176 0
1092 1.32411681 0
1093 1.32410186 0
1094 1.32408691 0
1095 1.32407195 0
1096 1.32405698 0
1097 1.32404201 0
1098 1.32402704 0
1099 1.32401206 0
1100 1.32399707 0
1101 1.32398208 0
1102 1.32396709 0
1103 1.32395209 0
1104 1.32393708 0
1105 1.32392208 0
1106 1.32390706 0
1107 1.32389204 0
1108 1.32387702 0
1109 1.32386199 0
1110 1.32384695 0
1111 1.32383191 0
1112 1.32381686 0
1113 1.32380181 0
1114 1.32378675 0
1115 1.32377169 0
1116 1.32375662 0
1117 1.32374154 0
1118 1.32372646 0
1119 1.32371137 0
1120 1.32369628 0
1121 1.32368118 0
1122 1.32366607 0
1123 1.32365096 0
1124 1.32363584 0
1125 1.32362072 0
1126 1.32360559 0
1127 1.32359045 0
1128 1.32357531 0
1129 1.32356016 0
1130 1.32354501 0
1131 1.32352984 0
1132 1.32351467 0
1133 1.3234995 0
1134 1.32348431 0
1135 1.32346913 0
1136 1.32345393 0
1137 1.32343873 0
1138 1.32342352 0
1139 1.3234083 0
1140 1.32339307 0
1141 1.32337784 0
1142 1.3233626 0
1143 1.32334736 0
1144 1.32333211 0
1145 1.32331685 0
1146 1.32330158 0
1147 1.3232863 0
1148 1.32327102 0
1149 1.32325573 0
1150 1.32324043 0
1151 1.32322513 0
1152 1.32320982 0
1153 1.3231945 0
1154 1.32317917 0
1155 1.32316383 0
1156 1.32314849 0
1157 1.32313314 0
1158 1.32311778 0
1159 1.32310241 0
1160 1.32308703 0
1161 1.32307165 0
1162 1.32305626 0
1163 1.32304086 0
1164 1.32302545 0
1165 1.32301003 0
1166 1.32299461 0
1167 1.32297917 0
1168 1.32296373 0
1169 1.32294828 0
1170 1.32293282 0
1171 1.32291735 0
1172 1.32290188 0
1173 1.32288639 0
1174 1.3228709 0
1175 1.32285539 0
1176 1.32283988 0
1177 1.32282436 0
1178 1.32280883 0
1179 1.32279329 0
1180 1.32277775 0
1181 1.32276219 0
1182 1.32274662 0
1183 1.32273105 0
1184 1.32271546 0
1185 1.32269987 0
1186 1.32268427 0
1187 1.32266865 0
1188 1.32265303 0
1189 1.3226374 0
1190 1.32262176 0
1191 1.32260611 0
1192 1.32259045 0
1193 1.32257478 0
1194 1.3225591 0
1195 1.32254341 0
1196 1.32252771 0
1197 1.322512 0
1198 1.32249628 0
1199 1.32248055 0
1200 1.32246482 0
1201 1.32244907 0
1202 1.32243331 0
1203 1.32241754 0
1204 1.32240176 0
1205 1.32238597 0
1206 1.32237017 0
1207 1.32235436 0
1208 1.32233854 0
1209 1.32232271 0
1210 1.32230686 0
1211 1.32229101 0
1212 1.32227515 0
1213 1.32225928 0
1214 1.32224339 0
1215 1.3222275 0
1216 1.32221159 0
1217 1.32219568 0
1218 1.32217975 0
1219 1.32216381 0
1220 1.32214786 0
1221 1.3221319 0
1222 1.32211593 0
1223 1.32209995 0
1224 1.32208395 0
1225 1.32206795 0
1226 1.32205193 0
1227 1.32203591 0
1228 1.32201987 0
1229 1.32200382 0
1230 1.32198776 0
1231 1.32197168 0
1232 1.3219556 0
1233 1.3219395 0
1234 1.3219234 0
1235 1.32190728 0
1236 1.32189115 0
1237 1.321875 0
1238 1.32185885 0
1239 1.32184268 0
1240 1.32182651 0
1241 1.32181032 0
1242 1.32179411 0
1243 1.3217779 0
1244 1.32176167 0
1245 1.32174544 0
1246 1.32172919 0
1247 1.32171292 0
1248 1.32169665 0
1249 1.32168036 0
