300	5.09895708	4.22985315
301	5.10980452	4.14411047
302	5.1160875	4.0658759
303	5.11975134	3.99347181
304	5.12140898	3.92682606
305	5.12162435	3.86581861
306	5.12113639	3.8092216
307	5.12024655	3.75684914
308	5.11922267	3.70856254
309	5.11832347	3.66345455
310	5.1176803	3.62122659
311	5.11743591	3.58206458
312	5.1176416	3.54518898
313	5.11834183	3.51038742
314	5.11959386	3.47758005
315	5.12143492	3.44663805
316	5.12382819	3.41720383
317	5.12677033	3.38914474
318	5.13026931	3.36239371
319	5.13433866	3.33690953
320	5.13891087	3.31246044
321	5.14396758	3.28897109
322	5.14948967	3.2663776
323	5.15548072	3.24468042
324	5.16191835	3.22382175
325	5.16876367	3.20370964
326	5.17600227	3.18431664
327	5.18362367	3.16562234
328	5.19162214	3.14761186
329	5.20001789	3.13032668
330	5.20880238	3.11373285
331	5.2179698	3.09780914
332	5.22753381	3.08255921
333	5.23751213	3.06799071
334	5.24792972	3.05411489
335	5.2588164	3.04094414
336	5.27020823	3.02849248
337	5.28217224	3.01680436
338	5.29476305	3.0058931
339	5.30801618	2.9957478
340	5.32199714	2.98638514
341	5.33677654	2.97782201
342	5.35243293	2.97007682
343	5.3690536	2.96317077
344	5.38673389	2.95712939
345	5.40558289	2.95198554
346	5.42572681	2.947781
347	5.44731482	2.94456985
348	5.47053189	2.94241972
349	5.49561256	2.94140968
350	5.52285798	2.94162367
351	5.55265891	2.94313923
352	5.58551871	2.94600023
353	5.62207448	2.95018091
354	5.66311288	2.9555304
355	5.70956887	2.96169585
356	5.76249408	2.96803038
357	5.82298195	2.97349464
358	5.89203435	2.97656723
359	5.97036803	2.97520653
360	6.05817894	2.96689391
361	6.15490881	2.94878982
362	6.25907078	2.91800851
363	6.36819856	2.87197397
364	6.47895346	2.80879266
365	6.58738558	2.72756569
366	6.68930712	2.62857591
367	6.78071199	2.51331443
368	6.85816717	2.38434958
369	6.91801077	2.24470855
370	6.9585739	2.09905383
371	6.9810167	1.95193517
372	6.98642556	1.80679017
373	6.97653005	1.66638769
374	6.9534272	1.53277294
375	6.91934161	1.40730033
376	6.87644505	1.29072098
377	6.82673499	1.18329658
378	6.77174225	1.08551225
379	6.71305799	0.997552513
380	6.65239364	0.917571438
381	6.59056905	0.844983173
382	6.52823979	0.779217494
383	6.4659306	0.71973074
384	6.40406213	0.666011407
385	6.34314629	0.61821601
386	6.28358517	0.57576898
387	6.22540743	0.537517901
388	6.16874534	0.503093833
389	6.11370204	0.472153056
390	6.06035524	0.44437483
391	6.00923183	0.420059501
392	5.96009638	0.39837461
393	5.91276377	0.378819179
394	5.86721301	0.361170414
395	5.82341469	0.345221789
396	5.78175975	0.33109197
397	5.74198396	0.318345964
398	5.70376272	0.306633547
399	5.66702877	0.295829969
400	5.63171495	0.285821024
401	5.59833041	0.276753313
402	5.56614574	0.268193437
403	5.53509196	0.260081109
404	5.5051034	0.252361224
405	5.47645822	0.24509415
406	5.44882481	0.238133048
407	5.42200352	0.231403389
408	5.39594674	0.224884324
409	5.37087876	0.218635504
410	5.34655682	0.212582865
411	5.32282018	0.206681579
412	5.29963904	0.200924712
413	5.27727777	0.195395965
414	5.25541401	0.190004995
415	5.23399198	0.184737753
416	5.21307627	0.1796184
417	5.19276752	0.174687084
418	5.1728215	0.16986763
419	5.15322648	0.165158064
420	5.13418996	0.160634581
421	5.11551364	0.156232558
422	5.09713452	0.15193099
423	5.07916695	0.14777336
424	5.06160412	0.143760537
425	5.04429778	0.13983915
426	5.02730451	0.136031514
427	5.01073206	0.132380052
428	4.99438353	0.128811292
429	4.97828692	0.125336521
430	4.96260528	0.122018818
431	4.94712097	0.118775546
432	4.93185608	0.115615619
433	4.91698253	0.11260498
434	4.90228424	0.109661066
435	4.88779606	0.106797565
436	4.87365938	0.104068269
437	4.85967917	0.101398586
438	4.84591876	0.0988127234
439	4.83245883	0.0963404231
440	4.81913924	0.0939212612
441	4.8060648	0.0915942795
442	4.79322856	0.0893560282
443	4.78051822	0.0871650894
444	4.76809057	0.0850784086
445	4.75583051	0.0830528031
446	4.74369932	0.0810746015
447	4.73187024	0.0792046228
448	4.72014444	0.0773717882
449	4.70861164	0.0756072919
450	4.69728937	0.073915934
451	4.68606002	0.0722575524
452	4.67509507	0.070689086
453	4.66424403	0.0691589937
454	4.653542	0.0676788361
455	4.64305466	0.0662686806
456	4.63264327	0.0648839988
457	4.62246981	0.0635749334
458	4.61239949	0.0622985108
459	4.60247021	0.0610663667
460	4.5927275	0.0598907319
461	4.58304629	0.0587345988
462	4.57360816	0.0576499886
463	4.56423408	0.0565844408
464	4.55502388	0.0555659389
465	4.54594533	0.0545843511
466	4.53695749	0.0536286223
467	4.52816229	0.0527247103
468	4.51941046	0.0518331961
469	4.51086972	0.0509962533
470	4.5023852	0.0501741159
471	4.4940514	0.0493900953
472	4.48582288	0.0486318619
473	4.47769222	0.0478977145
474	4.46970923	0.0471982094
475	4.46177605	0.0465110082
476	4.45402958	0.045865343
477	4.44630746	0.0452256968
478	4.43877006	0.0446257887
479	4.43126931	0.0440339009
480	4.42391654	0.0434724528
481	4.41662905	0.0429241751
482	4.40945625	0.042398616
483	4.40237283	0.0418900621
484	4.39537536	0.0413979118
485	4.3884869	0.040925459
486	4.38165983	0.0404643444
487	4.37495855	0.040024608
488	4.36829871	0.0395922295
489	4.36177699	0.0391820682
490	4.35528012	0.0387762387
491	4.3489299	0.0383927571
492	4.34259149	0.0380113984
493	4.33640617	0.0376519081
494	4.33022305	0.037293022
495	4.32419511	0.036955067
496	4.31816281	0.036616777
497	4.31228645	0.0362980853
498	4.30640336	0.03597874
499	4.30066922	0.0356771181
500	4.29492744	0.0353747538
501	4.28933252	0.0350886215
502	4.2837303	0.0348018011
503	4.27826757	0.0345293015
504	4.27280153	0.0342565351
505	4.26746468	0.0339961401
506	4.26213064	0.0337360528
507	4.25691462	0.0334863782
508	4.25170963	0.0332376803
509	4.24660803	0.0329975089
510	4.24152722	0.0327590362
511	4.23653535	0.0325272604
512	4.2315761	0.0322979104
513	4.22668918	0.0320735592
514	4.22184805	0.0318523494
515	4.21706115	0.0316345693
516	4.21233439	0.0314206108
517	4.20764292	0.0312086462
518	4.20302751	0.0310011261
519	4.19842742	0.0307943092
520	4.1939208	0.0305925053
521	4.18940935	0.0303903024
522	4.18500604	0.0301935615
523	4.18059905	0.0299964891
524	4.17627606	0.0298032406
525	4.17197171	0.0296107216
526	4.16772529	0.0294206093
527	4.16352043	0.0292321821
528	4.15934695	0.0290448988
529	4.15523833	0.0288601706
530	4.15113434	0.0286754489
531	4.14711928	0.0284940802
532	4.14310034	0.0283123866
533	4.13915767	0.0281334032
534	4.13522992	0.0279548121
535	4.13134807	0.0277777116
536	4.12750896	0.0276019902
537	4.12368516	0.0274266387
538	4.1199318	0.0272536264
539	4.11617503	0.027080321
540	4.11249399	0.0269094587
541	4.10882155	0.0267387231
542	4.10519088	0.0265692685
543	4.10159944	0.0264010097
544	4.09801695	0.0262328884
545	4.09450556	0.0260670227
546	4.09099115	0.0259008914
547	4.08753559	0.0257366358
548	4.08409835	0.0255728572
549	4.08068509	0.0254097426
550	4.07732421	0.0252482697
551	4.07396056	0.0250865474
552	4.07066552	0.0249270414
553	4.06737676	0.0247676021
554	4.06411822	0.024609099
555	4.06090096	0.0244519311
556	4.05768116	0.0242945292
557	4.05453082	0.0241394676
558	4.05138214	0.0239843261
559	4.04826335	0.0238301521
560	4.04518311	0.0236772683
561	4.04210053	0.0235241651
562	4.03908092	0.0233732966
563	4.03606521	0.0232224466
564	4.03307276	0.0230723526
565	4.03012276	0.0229237465
566	4.0271706	0.0227749348
567	4.02426971	0.0226280189
568	4.02138094	0.0224814624
569	4.01850294	0.0223352134
570	4.01567674	0.0221908919
571	4.01284855	0.022046378
572	4.0100551	0.0219031751
573	4.00728726	0.0217609127
574	4.00451752	0.0216184639
575	4.00180458	0.0214782359
576	3.99909449	0.0213380204
577	3.99639839	0.0211982874
578	3.99374651	0.0210603068
579	3.99109288	0.0209221521
580	3.98847122	0.0207852675
581	3.98587428	0.0206493449
582	3.98327566	0.0205132538
583	3.98072428	0.0203791419
584	3.97818057	0.0202452748
585	3.9756407	0.0201114841
586	3.97315165	0.0199798327
587	3.97066105	0.0198480241
588	3.96818692	0.0197168712
589	3.96574919	0.019587275
590	3.96330998	0.0194575267
591	3.960898	0.0193289376
592	3.95851071	0.0192013928
593	3.95612198	0.0190737009
594	3.9537688	0.0189476008
595	3.95143019	0.0188221084
596	3.9490902	0.0186964739
597	3.94679344	0.0185727814
598	3.94450347	0.0184493304
599	3.94221217	0.0183257423
600	3.93996913	0.018204384
601	3.93772656	0.0180829764
602	3.93548559	0.0179615777
603	3.93328983	0.0178423367
604	3.93109286	0.017722968
605	3.92890066	0.0176037652
606	3.92675055	0.0174865529
607	3.92459926	0.0173692173
608	3.92245429	0.0172521329
609	3.92034851	0.0171369412
610	3.91824159	0.0170216306
611	3.91614116	0.0169065851
612	3.91407882	0.0167934028
613	3.9120154	0.0166801058
614	3.9099572	0.0165670193
615	3.90793716	0.0164558429
616	3.90591609	0.0163445557
617	3.90389777	0.0162333546
618	3.90191955	0.0161241761
619	3.89994033	0.016014891
620	3.89796011	0.015905499
621	3.8960225	0.0157983114
622	3.89408392	0.015691021
623	3.89214438	0.0155836275
624	3.89024201	0.015478148
625	3.88834369	0.0153728327
626	3.88644445	0.0152674183
627	3.88457505	0.0151635751
628	3.88271572	0.0150602312
629	3.88085551	0.0149567916
630	3.8790175	0.0148545087
631	3.87719689	0.0147531235
632	3.87537543	0.0146516463
633	3.87356698	0.0145508475
634	3.87178378	0.0144514101
635	3.86999976	0.014351884
636	3.86821898	0.0142524946
637	3.86647287	0.014154991
638	3.86472598	0.0140574022
639	3.86297829	0.0139597279
640	3.86126139	0.0138637644
641	3.85955043	0.0137681003
642	3.85783872	0.0136723539
643	3.85614565	0.0135776313
644	3.85447027	0.0134838791
645	3.85279416	0.013390048
646	3.85112348	0.0132964927
647	3.84948286	0.0132046359
648	3.84784155	0.0131127032
649	3.84619953	0.0130206943
650	3.84458524	0.0129302672
651	3.84297806	0.0128402199
652	3.8413702	0.0127500995
653	3.83977482	0.0126606748
654	3.83820132	0.012572497
655	3.83662718	0.0124842491
656	3.83505239	0.0123959307
657	3.83350819	0.0123094344
658	3.83196626	0.0122230455
659	3.83042371	0.012136589
660	3.82889523	0.0120509335
661	3.827386	0.0119663851
662	3.82587617	0.0118817719
663	3.82436574	0.0117970936
664	3.8228843	0.0117141666
665	3.82140564	0.0116313826
666	3.81992641	0.0115485362
667	3.81845757	0.0114662928
668	3.81701011	0.0113853197
669	3.8155621	0.0113042868
670	3.81411354	0.0112231939
671	3.81268791	0.0111434815
672	3.81127044	0.0110642447
673	3.80985244	0.0109849505
674	3.80843665	0.0109057685
675	3.807049	0.0108283117
676	3.80566084	0.0107507998
677	3.80427217	0.0106732328
678	3.80289542	0.0105963901
679	3.80153644	0.0105206421
680	3.80017699	0.0104448412
681	3.79881704	0.0103689874
682	3.79747719	0.010294379
683	3.79614648	0.0102203271
684	3.79481531	0.0101462244
685	3.79348368	0.010072071
686	3.79217871	0.0099995934
687	3.79087574	0.00992722323
688	3.78957233	0.00985480445
689	3.78827171	0.00978254346
690	3.78699656	0.00971188638
691	3.78572099	0.0096411828
692	3.78444499	0.00957043264
693	3.78317594	0.00950011797
694	3.7819272	0.00943111224
695	3.78067806	0.00936206194
696	3.77942851	0.00929296701
697	3.77818883	0.00922449968
698	3.77696622	0.00915712984
699	3.77574321	0.00908971733
700	3.7745198	0.00902226208
701	3.77330805	0.00895554203
702	3.77211158	0.0088897911
703	3.77091472	0.00882399933
704	3.76971749	0.00875816667
705	3.76853189	0.00869309633
706	3.76736034	0.00862895037
707	3.76618842	0.00856476534
708	3.76501614	0.00850054117
709	3.7638548	0.00843702476
710	3.76270817	0.00837446647
711	3.7615612	0.0083118708
712	3.76041387	0.00824923772
713	3.75927525	0.00818718026
714	3.75815262	0.00812619417
715	3.75702967	0.00806517236
716	3.75590637	0.00800411477
717	3.75478884	0.00794342337
718	3.75369059	0.00788399141
719	3.75259202	0.00782452532
720	3.75149312	0.00776502507
721	3.75039561	0.00770560742
722	3.74932046	0.00764771366
723	3.74824501	0.0075897873
724	3.74716925	0.00753182832
725	3.74609317	0.00747383666
726	3.7450374	0.00741722226
727	3.74398486	0.00736081806
728	3.74293202	0.00730438271
729	3.74187889	0.00724791617
730	3.74083964	0.00719237579
731	3.73981004	0.0071374756
732	3.73878016	0.0070825457
733	3.73774999	0.00702758606
734	3.73672582	0.00697303341
735	3.73571819	0.0069196199
736	3.73471029	0.00686617807
737	3.73370212	0.00681270789
738	3.73269367	0.00675920931
739	3.73170569	0.00670711391
740	3.73071964	0.00665514211
741	3.72973332	0.00660314329
742	3.72874674	0.00655111742
743	3.72777082	0.00649982025
744	3.72680625	0.00644929951
745	3.72584142	0.00639875304
746	3.72487635	0.00634818082
747	3.72391129	0.00629760133
748	3.72296736	0.00624851456
749	3.72202319	0.00619940329
750	3.72107879	0.0061502675
751	3.72013414	0.00610110715
752	3.71919976	0.00605265582
753	3.71827631	0.00600496028
754	3.71735262	0.0059572414
755	3.71642871	0.00590949917
756	3.71550456	0.00586173355
757	3.71459949	0.00581528932
758	3.71369628	0.00576896823
759	3.71279286	0.00572262494
760	3.71188921	0.00567625943
761	3.71099067	0.00563025895
762	3.71010676	0.00558531763
763	3.70922263	0.00554035521
764	3.7083383	0.00549537166
765	3.70745376	0.00545036696
766	3.70658083	0.00540616144
767	3.70571669	0.00536255977
768	3.70485236	0.00531893805
769	3.70398782	0.00527529625
770	3.70312308	0.00523163437
771	3.70227414	0.00518910988
772	3.70142867	0.00514683133
773	3.70058302	0.00510453372
774	3.69973716	0.00506221704
775	3.69889112	0.00501988126
776	3.69806452	0.00497892634
777	3.69723774	0.00493795334
778	3.69641078	0.00489696227
779	3.69558363	0.00485595309
780	3.69475867	0.00481509899
781	3.69395002	0.00477543113
782	3.69314119	0.00473574613
783	3.69233218	0.00469604397
784	3.691523	0.00465632462
785	3.69071727	0.00461684533
786	3.68992685	0.00457844687
787	3.68913626	0.00454003216
788	3.6883455	0.00450160119
789	3.68755457	0.00446315394
790	3.68676698	0.00442494492
791	3.68599405	0.00438779776
792	3.68522095	0.00435063521
793	3.6844477	0.00431345726
794	3.68367428	0.00427626388
795	3.68290302	0.00423922307
796	3.68214733	0.00420330952
797	3.68139148	0.0041673814
798	3.68063548	0.0041314387
799	3.67987933	0.0040954814
800	3.67912301	0.00405950949
801	3.67838438	0.00402481125
802	3.67764561	0.00399009922
803	3.67690668	0.00395537341
804	3.6761676	0.0039206338
805	3.67542838	0.00388588037
806	3.67470292	0.00385213261
807	3.67398069	0.00381861842
808	3.67325831	0.0037850912
809	3.67253579	0.00375155094
810	3.67181313	0.00371799762
811	3.67109959	0.003685106
812	3.67039371	0.00365277101
813	3.6696877	0.00362042371
814	3.66898155	0.00358806409
815	3.66827526	0.00355569215
816	3.66757239	0.00352356517
817	3.66688266	0.00349239107
818	3.66619281	0.00346120536
819	3.66550282	0.00343000804
820	3.66481271	0.00339879909
821	3.66412247	0.0033675785
822	3.66344525	0.00333731645
823	3.66277103	0.00330727407
824	3.66209669	0.00327722074
825	3.66142223	0.00324715645
826	3.66074764	0.00321708119
827	3.66007837	0.00318738762
828	3.65941987	0.00315846897
829	3.65876125	0.00312954
830	3.65810251	0.00310060072
831	3.65744365	0.00307165112
832	3.65678467	0.00304269118
833	3.65613783	0.00301462975
834	3.65549424	0.0029868071
835	3.65485053	0.00295897475
836	3.6542067	0.00293113267
837	3.65356277	0.00290328088
838	3.65292125	0.00287560356
839	3.6522927	0.00284886829
840	3.65166405	0.00282212391
841	3.65103529	0.0027953704
842	3.65040642	0.00276860775
843	3.64977744	0.00274183596
844	3.64915535	0.00271557049
845	3.64854129	0.00268989512
846	3.64792712	0.00266421118
847	3.64731284	0.00263851867
848	3.64669847	0.00261281758
849	3.64608399	0.00258710789
850	3.64547964	0.00256213841
851	3.64487989	0.0025375052
852	3.64428005	0.00251286396
853	3.64368011	0.00248821466
854	3.64308007	0.00246355732
855	3.64247993	0.00243889192
856	3.64189185	0.0024151055
857	3.64130622	0.00239149636
858	3.64072049	0.0023678797
859	3.64013466	0.00234425549
860	3.63954874	0.00232062374
861	3.63896273	0.00229698444
862	3.63838927	0.00227427202
863	3.6378173	0.00225166935
864	3.63724524	0.00222905963
865	3.63667309	0.00220644285
866	3.63610085	0.00218381901
867	3.63552852	0.0021611881
868	3.63496828	0.00213944337
869	3.63440982	0.00211782894
870	3.63385128	0.00209620792
871	3.63329265	0.0020745803
872	3.63273394	0.00205294607
873	3.63217513	0.00203130524
874	3.63162676	0.00201042543
875	3.63108161	0.00198978109
876	3.63053637	0.0019691306
877	3.62999106	0.00194847395
878	3.62944566	0.00192781114
879	3.62890018	0.00190714216
880	3.62836234	0.00188702807
881	3.62783031	0.00186733596
882	3.6272982	0.00184763811
883	3.62676601	0.00182793452
884	3.62623374	0.00180822518
885	3.6257014	0.0017885101
886	3.6251728	0.00176906585
887	3.6246537	0.00175030749
888	3.62413453	0.00173154378
889	3.62361528	0.00171277474
890	3.62309596	0.00169400035
891	3.62257656	0.00167522061
892	3.62205709	0.00165643552
893	3.62154919	0.00163851146
894	3.62104233	0.00162066429
895	3.6205354	0.00160281214
896	3.62002839	0.00158495503
897	3.61952132	0.00156709295
898	3.61901417	0.00154922589
899	3.6185128	0.00153177065
900	3.61801852	0.00151482155
901	3.61752418	0.00149786785
902	3.61702977	0.00148090953
903	3.61653529	0.00146394661
904	3.61604074	0.00144697908
905	3.61554613	0.00143000693
906	3.61506244	0.00141383835
907	3.61458004	0.00139776483
908	3.61409758	0.00138168705
909	3.61361505	0.001365605
910	3.61313245	0.00134951868
911	3.61264979	0.00133342809
912	3.61216999	0.00131754203
913	3.6116996	0.00130233071
914	3.61122916	0.00128711545
915	3.61075865	0.00127189625
916	3.61028808	0.0012566731
917	3.60981745	0.001241446
918	3.60934675	0.00122621496
919	3.60888176	0.00121139779
920	3.6084229	0.00119702695
921	3.60796398	0.00118265247
922	3.607505	0.00116827435
923	3.60704597	0.00115389259
924	3.60658687	0.00113950719
925	3.60612772	0.00112511815
926	3.60567603	0.0011112571
927	3.60522876	0.00109770911
928	3.60478144	0.00108415777
929	3.60433406	0.00107060309
930	3.60388662	0.00105704506
931	3.60343913	0.00104348367
932	3.60299158	0.00102991894
933	3.6025516	0.00101690538
934	3.60211532	0.0010041629
935	3.60167899	0.000991417341
936	3.60124261	0.00097866871
937	3.60080618	0.000965917003
938	3.6003697	0.000953162219
939	3.59993316	0.000940404356
940	3.59950361	0.000928133816
941	3.5990786	0.000916179182
942	3.59865353	0.000904221737
943	3.59822841	0.00089226148
944	3.59780325	0.000880298409
945	3.59737803	0.000868332521
946	3.59695277	0.000856363817
947	3.59653216	0.000844736089
948	3.59611761	0.000833551977
949	3.59570302	0.000822365297
950	3.59528839	0.000811176048
951	3.5948737	0.000799984228
952	3.59445896	0.000788789836
953	3.59404418	0.000777592872
954	3.59363108	0.000766511884
955	3.59322743	0.00075608068
956	3.59282374	0.000745647142
957	3.59242	0.000735211268
958	3.59201621	0.000724773057
959	3.59161238	0.000714332508
960	3.59120851	0.00070388962
961	3.59080458	0.000693444392
962	3.59040858	0.000683568019
963	3.59001504	0.000673870209
964	3.58962147	0.00066417028
965	3.58922785	0.000654468231
966	3.58883419	0.000644764062
967	3.58844048	0.000635057772
968	3.58804673	0.000625349359
969	3.58765561	0.000615822033
970	3.58727247	0.000606842349
971	3.58688928	0.000597860754
972	3.58650606	0.000588877246
973	3.58612279	0.000579891825
974	3.58573948	0.000570904489
975	3.58535613	0.000561915239
976	3.58497274	0.000552924072
977	3.58459572	0.000544375137
978	3.58422255	0.000536094283
979	3.58384934	0.00052781171
980	3.58347609	0.000519527418
981	3.5831028	0.000511241405
982	3.58272948	0.000502953671
983	3.58235611	0.000494664215
984	3.58198271	0.000486373037
985	3.58161811	0.000478686896
986	3.58125476	0.000471087439
987	3.58089137	0.000463486444
988	3.58052795	0.000455883911
989	3.58016448	0.000448279839
990	3.57980098	0.000440674228
991	3.57943745	0.000433067076
992	3.57907388	0.000425458383
993	3.57872025	0.000418524014
994	3.57836659	0.000411588279
995	3.5780129	0.000404651176
996	3.57765917	0.000397712706
997	3.5773054	0.000390772868
998	3.5769516	0.00038383166
999	3.57659777	0.000376889083
1000	3.5762439	0.000369945135
1001	3.57589959	0.000363656101
1002	3.57555525	0.000357365859
1003	3.57521088	0.000351074408
1004	3.57486647	0.000344781748
1005	3.57452203	0.000338487879
1006	3.57417756	0.0003321928
1007	3.57383306	0.00032589651
1008	3.57348852	0.00031959901
1009	3.57315232	0.000313853616
1010	3.57281735	0.00030818989
1011	3.57248234	0.000302525105
1012	3.57214731	0.000296859259
1013	3.57181224	0.000291192354
1014	3.57147714	0.000285524387
1015	3.57114201	0.000279855359
1016	3.57080684	0.00027418527
1017	3.57047729	0.000268887024
1018	3.57015136	0.000263829728
1019	3.5698254	0.000258771511
1020	3.56949941	0.000253712372
1021	3.56917339	0.000248652311
1022	3.56884735	0.000243591327
1023	3.56852127	0.000238529421
1024	3.56819516	0.000233466591
1025	3.56787094	0.000228525164
1026	3.56755405	0.000224052541
1027	3.56723713	0.000219579126
1028	3.56692019	0.000215104917
1029	3.56660322	0.000210629914
1030	3.56628621	0.000206154118
1031	3.56596918	0.000201677527
1032	3.56565212	0.000197200142
1033	3.56533504	0.000192721962
1034	3.56502389	0.000188621067
1035	3.56471571	0.000184708489
1036	3.56440749	0.000180795236
1037	3.56409925	0.000176881307
1038	3.56379099	0.000172966702
1039	3.56348269	0.000169051422
1040	3.56317437	0.000165135465
1041	3.56286603	0.000161218832
1042	3.56255765	0.000157301522
1043	3.56225806	0.000153913753
1044	3.5619586	0.000150534474
1045	3.5616591	0.000147154628
1046	3.56135959	0.000143774215
1047	3.56106005	0.000140393234
1048	3.56076048	0.000137011685
1049	3.56046089	0.000133629569
1050	3.56016127	0.000130246883
1051	3.55986295	0.000126941096
1052	3.55957191	0.000124065174
1053	3.55928085	0.000121188782
1054	3.55898977	0.000118311921
1055	3.55869866	0.00011543459
1056	3.55840753	0.000112556789
1057	3.55811638	0.000109678518
1058	3.5578252	0.000106799777
1059	3.557534	0.000103920564
1060	3.55724422	0.000101121599
1061	3.55696144	9.87138088e-05
1062	3.55667864	9.63056363e-05
1063	3.55639582	9.38970814e-05
1064	3.55611297	9.1488144e-05
1065	3.5558301	8.90788239e-05
1066	3.55554721	8.66691211e-05
1067	3.5552643	8.42590352e-05
1068	3.55498136	8.18485663e-05
1069	3.5546987	7.94526195e-05
1070	3.55442419	7.7473805e-05
1071	3.55414966	7.54946853e-05
1072	3.55387511	7.35152603e-05
1073	3.55360054	7.15355298e-05
1074	3.55332595	6.95554938e-05
1075	3.55305134	6.75751522e-05
1076	3.5527767	6.55945048e-05
1077	3.55250205	6.36135516e-05
1078	3.55222737	6.16322924e-05
1079	3.55195881	5.99377853e-05
1080	3.55169239	5.83443297e-05
1081	3.55142596	5.67506354e-05
1082	3.5511595	5.51567023e-05
1083	3.55089302	5.35625302e-05
1084	3.55062653	5.19681192e-05
1085	3.55036001	5.0373469e-05
1086	3.55009347	4.87785798e-05
1087	3.54982692	4.71834513e-05
1088	3.54956255	4.56837975e-05
1089	3.54930381	4.44292537e-05
1090	3.54904505	4.31745272e-05
1091	3.54878627	4.1919618e-05
1092	3.54852748	4.06645259e-05
1093	3.54826866	3.9409251e-05
1094	3.54800983	3.81537932e-05
1095	3.54775098	3.68981523e-05
1096	3.54749211	3.56423285e-05
1097	3.54723322	3.43863215e-05
1098	3.54697955	3.3321299e-05
1099	3.54672863	3.23568759e-05
1100	3.54647768	3.13923165e-05
1101	3.54622672	3.04276207e-05
1102	3.54597575	2.94627885e-05
1103	3.54572475	2.84978198e-05
1104	3.54547374	2.75327147e-05
1105	3.54522271	2.6567473e-05
1106	3.54497166	2.56020947e-05
1107	3.54472059	2.46365799e-05
1108	3.5444761	2.38791184e-05
1109	3.54423269	2.31562573e-05
1110	3.54398927	2.24332971e-05
1111	3.54374583	2.17102377e-05
1112	3.54350237	2.0987079e-05
1113	3.54325889	2.0263821e-05
1114	3.5430154	1.95404637e-05
1115	3.54277189	1.8817007e-05
1116	3.54252837	1.8093451e-05
1117	3.54228483	1.73697956e-05
1118	3.54204781	1.68191283e-05
1119	3.54181165	1.62913436e-05
1120	3.54157548	1.57634886e-05
1121	3.54133928	1.52355632e-05
1122	3.54110308	1.47075674e-05
1123	3.54086685	1.41795013e-05
1124	3.54063061	1.36513648e-05
1125	3.54039436	1.31231578e-05
1126	3.54015809	1.25948804e-05
1127	3.5399218	1.20665326e-05
1128	3.53969097	1.16495649e-05
1129	3.53946218	1.12743455e-05
1130	3.53923337	1.08990776e-05
1131	3.53900455	1.05237613e-05
1132	3.53877571	1.01483964e-05
1133	3.53854686	9.77298305e-06
1134	3.53831799	9.39752116e-06
1135	3.53808911	9.02201073e-06
1136	3.53786021	8.64645175e-06
1137	3.5376313	8.2708442e-06
1138	3.53740512	7.93986732e-06
1139	3.5371833	7.68011782e-06
1140	3.53696147	7.42033577e-06
1141	3.53673962	7.16052116e-06
1142	3.53651776	6.90067398e-06
1143	3.53629588	6.64079422e-06
1144	3.53607399	6.38088187e-06
1145	3.53585209	6.12093693e-06
1146	3.53563017	5.86095938e-06
1147	3.53540824	5.60094921e-06
1148	3.5351863	5.34090642e-06
1149	3.53497018	5.15315473e-06
1150	3.53475505	4.97795858e-06
1151	3.53453992	4.80274112e-06
1152	3.53432477	4.62750234e-06
1153	3.53410961	4.45224225e-06
1154	3.53389444	4.27696083e-06
1155	3.53367925	4.10165808e-06
1156	3.53346405	3.92633399e-06
1157	3.53324884	3.75098856e-06
1158	3.53303361	3.57562178e-06
1159	3.53281922	3.40754773e-06
1160	3.53261091	3.29234857e-06
1161	3.5324026	3.17713584e-06
1162	3.53219427	3.06190953e-06
1163	3.53198593	2.94666964e-06
1164	3.53177758	2.83141616e-06
1165	3.53156921	2.71614909e-06
1166	3.53136084	2.60086843e-06
1167	3.53115245	2.48557417e-06
1168	3.53094404	2.37026631e-06
1169	3.53073563	2.25494485e-06
1170	3.53052844	2.14742188e-06
1171	3.53032658	2.073482e-06
1172	3.53012471	1.99953367e-06
1173	3.52992282	1.92557689e-06
1174	3.52972092	1.85161166e-06
1175	3.52951901	1.77763797e-06
1176	3.52931709	1.70365582e-06
1177	3.52911516	1.62966522e-06
1178	3.52891321	1.55566615e-06
1179	3.52871125	1.48165861e-06
1180	3.52850929	1.40764261e-06
1181	3.52830762	1.33493648e-06
1182	3.52811218	1.2885689e-06
1183	3.52791673	1.24219618e-06
1184	3.52772127	1.19581833e-06
1185	3.52752579	1.14943535e-06
1186	3.52733031	1.10304722e-06
1187	3.52713482	1.05665396e-06
1188	3.52693931	1.01025556e-06
1189	3.5267438	9.63852017e-07
1190	3.52654827	9.17443332e-07
1191	3.52635273	8.71029502e-07
1192	3.52615718	8.24610528e-07
1193	3.5259659	7.90641387e-07
1194	3.52577651	7.62205005e-07
1195	3.5255871	7.33765569e-07
1196	3.52539769	7.0532308e-07
1197	3.52520827	6.76877536e-07
1198	3.52501883	6.48428937e-07
1199	3.52482939	6.19977281e-07
1200	3.52463994	5.91522569e-07
1201	3.52445047	5.630648e-07
1202	3.524261	5.34603972e-07
1203	3.52407151	5.06140086e-07
1204	3.52388274	4.79002375e-07
1205	3.5236994	4.61942454e-07
1206	3.52351605	4.44880758e-07
1207	3.52333269	4.27817289e-07
1208	3.52314933	4.10752044e-07
1209	3.52296595	3.93685023e-07
1210	3.52278257	3.76616227e-07
1211	3.52259917	3.59545655e-07
1212	3.52241577	3.42473306e-07
1213	3.52223235	3.2539918e-07
1214	3.52204893	3.08323276e-07
1215	3.52186549	2.91245595e-07
1216	3.52168391	2.76383357e-07
1217	3.52150638	2.66369026e-07
1218	3.52132885	2.56353685e-07
1219	3.5211513	2.46337336e-07
1220	3.52097375	2.36319977e-07
1221	3.52079619	2.26301608e-07
1222	3.52061861	2.16282229e-07
1223	3.52044103	2.0626184e-07
1224	3.52026344	1.9624044e-07
1225	3.52008584	1.8621803e-07
1226	3.51990824	1.76194609e-07
1227	3.51973062	1.66170177e-07
1228	3.5195546	1.55337605e-07
1229	3.51938277	1.42399757e-07
1230	3.51921093	1.29460646e-07
1231	3.51903908	1.16520271e-07
1232	3.51886722	1.03578633e-07
1233	3.51869535	9.06357305e-08
1234	3.51852348	7.7691564e-08
1235	3.51835159	6.47461329e-08
1236	3.5181797	5.1799437e-08
1237	3.5180078	3.88514761e-08
1238	3.51783589	2.59022498e-08
1239	3.51766397	1.29517579e-08
1240	3.51749204	0
1241	3.51732578	0
1242	3.5171595	0
1243	3.51699322	0
1244	3.51682693	0
1245	3.51666063	0
1246	3.51649432	0
1247	3.51632801	0
1248	3.51616169	0
1249	3.51599535	0
1250	3.51582902	0
1251	3.51566267	0
1252	3.51549632	0
1253	3.51533259	0
1254	3.51517178	0
1255	3.51501096	0
1256	3.51485013	0
1257	3.51468929	0
1258	3.51452845	0
1259	3.5143676	0
1260	3.51420674	0
1261	3.51404587	0
1262	3.513885	0
1263	3.51372412	0
1264	3.51356323	0
1265	3.51340234	0
1266	3.51324513	0
1267	3.51308954	0
1268	3.51293395	0
1269	3.51277834	0
1270	3.51262273	0
1271	3.51246712	0
1272	3.51231149	0
1273	3.51215586	0
1274	3.51200023	0
1275	3.51184458	0
1276	3.51168893	0
1277	3.51153328	0
1278	3.51137761	0
1279	3.5112254	0
1280	3.51107504	0
1281	3.51092467	0
1282	3.5107743	0
1283	3.51062393	0
1284	3.51047354	0
1285	3.51032315	0
1286	3.51017276	0
1287	3.51002235	0
1288	3.50987194	0
1289	3.50972153	0
1290	3.50957111	0
1291	3.50942068	0
1292	3.50927191	0
1293	3.50912645	0
1294	3.508981	0
1295	3.50883553	0
1296	3.50869006	0
1297	3.50854459	0
1298	3.50839911	0
1299	3.50825362	0
1300	3.50810813	0
1301	3.50796263	0
1302	3.50781712	0
1303	3.50767161	0
1304	3.50752609	0
1305	3.50738057	0
1306	3.50723871	0
1307	3.50709815	0
1308	3.50695759	0
1309	3.50681702	0
1310	3.50667645	0
1311	3.50653587	0
1312	3.50639529	0
1313	3.5062547	0
1314	3.50611411	0
1315	3.50597351	0
1316	3.5058329	0
1317	3.50569229	0
1318	3.50555167	0
1319	3.50541105	0
1320	3.50527456	0
1321	3.5051388	0
1322	3.50500303	0
1323	3.50486725	0
1324	3.50473147	0
1325	3.50459569	0
1326	3.5044599	0
1327	3.5043241	0
1328	3.5041883	0
1329	3.50405249	0
1330	3.50391668	0
1331	3.50378086	0
1332	3.50364504	0
1333	3.50350921	0
1334	3.50337656	0
1335	3.50324549	0
1336	3.50311441	0
1337	3.50298333	0
1338	3.50285225	0
1339	3.50272116	0
1340	3.50259007	0
1341	3.50245897	0
1342	3.50232787	0
1343	3.50219676	0
1344	3.50206564	0
1345	3.50193453	0
1346	3.5018034	0
1347	3.50167227	0
1348	3.50154193	0
1349	3.50141534	0
1350	3.50128875	0
1351	3.50116215	0
1352	3.50103555	0
1353	3.50090894	0
1354	3.50078233	0
1355	3.50065571	0
1356	3.50052909	0
1357	3.50040247	0
1358	3.50027584	0
1359	3.5001492	0
1360	3.50002256	0
1361	3.49989592	0
1362	3.49976927	0
1363	3.4996442	0
1364	3.49952191	0
1365	3.49939961	0
1366	3.49927731	0
1367	3.499155	0
1368	3.49903269	0
1369	3.49891037	0
1370	3.49878805	0
1371	3.49866573	0
1372	3.4985434	0
1373	3.49842107	0
1374	3.49829873	0
1375	3.49817639	0
1376	3.49805404	0
1377	3.49793169	0
1378	3.49781032	0
1379	3.4976924	0
1380	3.49757447	0
1381	3.49745654	0
1382	3.4973386	0
1383	3.49722066	0
1384	3.49710272	0
1385	3.49698477	0
1386	3.49686682	0
1387	3.49674886	0
1388	3.4966309	0
1389	3.49651293	0
1390	3.49639497	0
1391	3.49627699	0
1392	3.49615902	0
1393	3.49604104	0
1394	3.49592621	0
1395	3.49581248	0
1396	3.49569875	0
1397	3.49558501	0
1398	3.49547127	0
1399	3.49535753	0
1400	3.49524378	0
1401	3.49513003	0
1402	3.49501627	0
1403	3.49490252	0
1404	3.49478875	0
1405	3.49467499	0
1406	3.49456122	0
1407	3.49444744	0
1408	3.49433367	0
1409	3.49421989	0
1410	3.49410978	0
1411	3.49400004	0
1412	3.4938903	0
1413	3.49378055	0
1414	3.4936708	0
1415	3.49356105	0
1416	3.49345129	0
1417	3.49334153	0
1418	3.49323177	0
1419	3.493122	0
1420	3.49301223	0
1421	3.49290245	0
1422	3.49279268	0
1423	3.4926829	0
1424	3.49257311	0
1425	3.49246332	0
1426	3.49235642	0
1427	3.49225069	0
1428	3.49214495	0
1429	3.49203921	0
1430	3.49193347	0
1431	3.49182772	0
1432	3.49172197	0
1433	3.49161621	0
1434	3.49151046	0
1435	3.4914047	0
1436	3.49129893	0
1437	3.49119317	0
1438	3.4910874	0
1439	3.49098162	0
1440	3.49087585	0
1441	3.49077007	0
1442	3.49066483	0
1443	3.49056299	0
1444	3.49046115	0
1445	3.49035931	0
1446	3.49025746	0
1447	3.49015561	0
1448	3.49005375	0
1449	3.4899519	0
1450	3.48985003	0
1451	3.48974817	0
1452	3.4896463	0
1453	3.48954444	0
1454	3.48944256	0
1455	3.48934069	0
1456	3.48923881	0
1457	3.48913693	0
1458	3.48903504	0
1459	3.48893382	0
1460	3.4888357	0
1461	3.48873758	0
1462	3.48863945	0
1463	3.48854133	0
1464	3.48844319	0
1465	3.48834506	0
1466	3.48824692	0
1467	3.48814878	0
1468	3.48805064	0
1469	3.4879525	0
1470	3.48785435	0
1471	3.4877562	0
1472	3.48765805	0
1473	3.48755989	0
1474	3.48746173	0
1475	3.48736357	0
1476	3.48726541	0
1477	3.48717016	0
1478	3.4870756	0
1479	3.48698104	0
1480	3.48688647	0
1481	3.4867919	0
1482	3.48669733	0
1483	3.48660276	0
1484	3.48650819	0
1485	3.48641361	0
1486	3.48631903	0
1487	3.48622444	0
1488	3.48612986	0
1489	3.48603527	0
1490	3.48594068	0
1491	3.48584609	0
1492	3.48575149	0
1493	3.48565689	0
1494	3.48556238	0
1495	3.48547144	0
1496	3.4853805	0
1497	3.48528955	0
1498	3.48519861	0
1499	3.48510766	0
1500	3.48501671	0
1501	3.48492575	0
1502	3.4848348	0
1503	3.48474384	0
1504	3.48465288	0
1505	3.48456191	0
1506	3.48447095	0
1507	3.48437998	0
1508	3.48428901	0
1509	3.48419804	0
1510	3.48410706	0
1511	3.48401608	0
1512	3.4839251	0
1513	3.48383694	0
1514	3.48374945	0
1515	3.48366196	0
1516	3.48357447	0
1517	3.48348697	0
1518	3.48339948	0
1519	3.48331198	0
1520	3.48322448	0
1521	3.48313698	0
1522	3.48304947	0
1523	3.48296196	0
1524	3.48287445	0
1525	3.48278694	0
1526	3.48269943	0
1527	3.48261191	0
1528	3.4825244	0
1529	3.48243687	0
1530	3.48234935	0
1531	3.48226229	0
1532	3.48217817	0
1533	3.48209405	0
1534	3.48200993	0
1535	3.48192581	0
1536	3.48184168	0
1537	3.48175755	0
1538	3.48167342	0
1539	3.48158929	0
1540	3.48150516	0
1541	3.48142102	0
1542	3.48133688	0
1543	3.48125274	0
1544	3.4811686	0
1545	3.48108445	0
1546	3.48100031	0
1547	3.48091616	0
1548	3.48083201	0
1549	3.48074786	0
1550	3.4806637	0
1551	3.48058279	0
1552	3.48050189	0
1553	3.48042098	0
1554	3.48034007	0
1555	3.48025915	0
1556	3.48017824	0
1557	3.48009732	0
1558	3.4800164	0
1559	3.47993548	0
1560	3.47985456	0
1561	3.47977363	0
1562	3.47969271	0
1563	3.47961178	0
1564	3.47953085	0
1565	3.47944991	0
1566	3.47936898	0
1567	3.47928804	0
1568	3.47920711	0
1569	3.47912617	0
1570	3.47904643	0
1571	3.47896865	0
1572	3.47889088	0
1573	3.4788131	0
1574	3.47873532	0
1575	3.47865753	0
1576	3.47857975	0
1577	3.47850196	0
1578	3.47842418	0
1579	3.47834639	0
1580	3.47826859	0
1581	3.4781908	0
1582	3.47811301	0
1583	3.47803521	0
1584	3.47795741	0
1585	3.47787961	0
1586	3.47780181	0
1587	3.47772401	0
1588	3.4776462	0
1589	3.4775684	0
1590	3.47749141	0
1591	3.47741683	0
1592	3.47734224	0
1593	3.47726766	0
1594	3.47719307	0
1595	3.47711847	0
1596	3.47704388	0
1597	3.47696929	0
1598	3.47689469	0
1599	3.47682009	0
1600	3.47674549	0
1601	3.47667089	0
1602	3.47659629	0
1603	3.47652169	0
1604	3.47644708	0
1605	3.47637247	0
1606	3.47629787	0
1607	3.47622326	0
1608	3.47614864	0
1609	3.47607403	0
1610	3.47599941	0
1611	3.47592659	0
1612	3.4758549	0
1613	3.47578321	0
1614	3.47571151	0
1615	3.47563982	0
1616	3.47556812	0
1617	3.47549643	0
1618	3.47542473	0
1619	3.47535303	0
1620	3.47528133	0
1621	3.47520963	0
1622	3.47513792	0
1623	3.47506622	0
1624	3.47499451	0
1625	3.4749228	0
1626	3.47485109	0
1627	3.47477938	0
1628	3.47470767	0
1629	3.47463595	0
1630	3.47456424	0
1631	3.47449252	0
1632	3.47442206	0
1633	3.47435333	0
1634	3.47428461	0
1635	3.47421588	0
1636	3.47414714	0
1637	3.47407841	0
1638	3.47400968	0
1639	3.47394094	0
1640	3.4738722	0
1641	3.47380347	0
1642	3.47373473	0
1643	3.47366599	0
1644	3.47359724	0
1645	3.4735285	0
1646	3.47345975	0
1647	3.47339101	0
1648	3.47332226	0
1649	3.47325351	0
1650	3.47318476	0
1651	3.47311601	0
1652	3.47304725	0
1653	3.4729785	0
1654	3.47291163	0
1655	3.47284571	0
1656	3.47277979	0
1657	3.47271386	0
1658	3.47264794	0
1659	3.47258201	0
1660	3.47251608	0
1661	3.47245015	0
1662	3.47238422	0
1663	3.47231829	0
1664	3.47225235	0
1665	3.47218642	0
1666	3.47212048	0
1667	3.47205454	0
1668	3.47198861	0
1669	3.47192267	0
1670	3.47185673	0
1671	3.47179078	0
1672	3.47172484	0
1673	3.47165889	0
1674	3.47159295	0
1675	3.471527	0
1676	3.47146193	0
1677	3.47139868	0
1678	3.47133542	0
1679	3.47127217	0
1680	3.47120892	0
1681	3.47114566	0
1682	3.4710824	0
1683	3.47101914	0
1684	3.47095589	0
1685	3.47089262	0
1686	3.47082936	0
1687	3.4707661	0
1688	3.47070284	0
1689	3.47063957	0
1690	3.47057631	0
1691	3.47051304	0
1692	3.47044977	0
1693	3.4703865	0
1694	3.47032323	0
1695	3.47025996	0
1696	3.47019668	0
1697	3.47013341	0
1698	3.47007013	0
1699	3.47000788	0
1700	3.46994735	0
1701	3.46988683	0
1702	3.4698263	0
1703	3.46976577	0
1704	3.46970524	0
1705	3.46964471	0
1706	3.46958418	0
1707	3.46952365	0
1708	3.46946312	0
1709	3.46940258	0
1710	3.46934205	0
1711	3.46928151	0
1712	3.46922097	0
1713	3.46916043	0
1714	3.46909989	0
1715	3.46903935	0
1716	3.46897881	0
1717	3.46891827	0
1718	3.46885773	0
1719	3.46879718	0
1720	3.46873664	0
1721	3.46867609	0
1722	3.46861554	0
1723	3.46855697	0
1724	3.46849896	0
1725	3.46844095	0
1726	3.46838294	0
1727	3.46832493	0
1728	3.46826692	0
1729	3.46820891	0
1730	3.4681509	0
1731	3.46809288	0
1732	3.46803487	0
1733	3.46797685	0
1734	3.46791884	0
1735	3.46786082	0
1736	3.4678028	0
1737	3.46774478	0
1738	3.46768676	0
1739	3.46762874	0
1740	3.46757071	0
1741	3.46751269	0
1742	3.46745467	0
1743	3.46739664	0
1744	3.46733861	0
1745	3.46728059	0
1746	3.46722256	0
1747	3.46716588	0
1748	3.46711046	0
1749	3.46705503	0
1750	3.4669996	0
1751	3.46694417	0
1752	3.46688874	0
1753	3.46683331	0
1754	3.46677788	0
1755	3.46672245	0
1756	3.46666701	0
1757	3.46661158	0
1758	3.46655614	0
1759	3.46650071	0
1760	3.46644527	0
1761	3.46638983	0
1762	3.46633439	0
1763	3.46627895	0
1764	3.46622351	0
1765	3.46616807	0
1766	3.46611263	0
1767	3.46605719	0
1768	3.46600174	0
1769	3.4659463	0
1770	3.46589085	0
1771	3.4658354	0
1772	3.4657813	0
1773	3.46572819	0
1774	3.46567509	0
1775	3.46562198	0
1776	3.46556888	0
1777	3.46551577	0
1778	3.46546266	0
1779	3.46540955	0
1780	3.46535644	0
1781	3.46530333	0
1782	3.46525022	0
1783	3.46519711	0
1784	3.46514399	0
1785	3.46509088	0
1786	3.46503777	0
1787	3.46498465	0
1788	3.46493153	0
1789	3.46487842	0
1790	3.4648253	0
1791	3.46477218	0
1792	3.46471906	0
1793	3.46466594	0
1794	3.46461282	0
1795	3.4645597	0
1796	3.46450657	0
1797	3.46445345	0
1798	3.46440247	0
1799	3.46435173	0
1800	3.464301	0
1801	3.46425026	0
1802	3.46419952	0
1803	3.46414878	0
1804	3.46409804	0
1805	3.4640473	0
1806	3.46399655	0
1807	3.46394581	0
1808	3.46389507	0
1809	3.46384432	0
1810	3.46379358	0
1811	3.46374283	0
1812	3.46369208	0
1813	3.46364134	0
1814	3.46359059	0
1815	3.46353984	0
1816	3.46348909	0
1817	3.46343834	0
1818	3.46338759	0
1819	3.46333683	0
1820	3.46328608	0
1821	3.46323533	0
1822	3.46318457	0
1823	3.46313382	0
1824	3.46308416	0
1825	3.46303573	0
1826	3.46298729	0
1827	3.46293886	0
1828	3.46289043	0
1829	3.462842	0
1830	3.46279356	0
1831	3.46274513	0
1832	3.46269669	0
1833	3.46264826	0
1834	3.46259982	0
1835	3.46255138	0
1836	3.46250294	0
1837	3.4624545	0
1838	3.46240606	0
1839	3.46235762	0
1840	3.46230918	0
1841	3.46226074	0
1842	3.4622123	0
1843	3.46216386	0
1844	3.46211541	0
1845	3.46206697	0
1846	3.46201852	0
1847	3.46197008	0
1848	3.46192163	0
1849	3.46187319	0
1850	3.46182474	0
1851	3.46177685	0
1852	3.46173059	0
1853	3.46168434	0
1854	3.46163809	0
1855	3.46159183	0
1856	3.46154558	0
1857	3.46149932	0
1858	3.46145306	0
1859	3.46140681	0
1860	3.46136055	0
1861	3.46131429	0
1862	3.46126803	0
1863	3.46122177	0
1864	3.46117551	0
1865	3.46112925	0
1866	3.46108299	0
1867	3.46103673	0
1868	3.46099047	0
1869	3.4609442	0
1870	3.46089794	0
1871	3.46085167	0
1872	3.46080541	0
1873	3.46075914	0
1874	3.46071288	0
1875	3.46066661	0
1876	3.46062034	0
1877	3.46057407	0
1878	3.4605278	0
1879	3.46048199	0
1880	3.46043785	0
1881	3.46039371	0
1882	3.46034956	0
1883	3.46030542	0
1884	3.46026128	0
1885	3.46021714	0
1886	3.46017299	0
1887	3.46012885	0
1888	3.4600847	0
1889	3.46004056	0
1890	3.45999641	0
1891	3.45995227	0
1892	3.45990812	0
1893	3.45986397	0
1894	3.45981982	0
1895	3.45977568	0
1896	3.45973153	0
1897	3.45968738	0
1898	3.45964323	0
1899	3.45959907	0
1900	3.45955492	0
1901	3.45951077	0
1902	3.45946662	0
1903	3.45942247	0
1904	3.45937831	0
1905	3.45933416	0
1906	3.45929	0
1907	3.45924585	0
1908	3.45920234	0
1909	3.4591603	0
1910	3.45911826	0
1911	3.45907621	0
1912	3.45903417	0
1913	3.45899213	0
1914	3.45895008	0
1915	3.45890804	0
1916	3.45886599	0
1917	3.45882395	0
1918	3.4587819	0
1919	3.45873985	0
1920	3.45869781	0
1921	3.45865576	0
1922	3.45861371	0
1923	3.45857166	0
1924	3.45852961	0
1925	3.45848756	0
1926	3.45844551	0
1927	3.45840346	0
1928	3.45836141	0
1929	3.45831936	0
1930	3.4582773	0
1931	3.45823525	0
1932	3.4581932	0
1933	3.45815114	0
1934	3.45810909	0
1935	3.45806703	0
1936	3.45802498	0
1937	3.45798292	0
1938	3.45794184	0
1939	3.45790173	0
1940	3.45786162	0
1941	3.45782151	0
1942	3.4577814	0
1943	3.45774129	0
1944	3.45770118	0
1945	3.45766107	0
1946	3.45762096	0
1947	3.45758085	0
1948	3.45754074	0
1949	3.45750062	0
1950	3.45746051	0
1951	3.45742039	0
1952	3.45738028	0
1953	3.45734017	0
1954	3.45730005	0
1955	3.45725993	0
1956	3.45721982	0
1957	3.4571797	0
1958	3.45713958	0
1959	3.45709947	0
1960	3.45705935	0
1961	3.45701923	0
1962	3.45697911	0
1963	3.45693899	0
1964	3.45689887	0
1965	3.45685875	0
1966	3.45681863	0
1967	3.45677851	0
1968	3.45673839	0
1969	3.45669971	0
1970	3.45666153	0
1971	3.45662335	0
1972	3.45658516	0
1973	3.45654698	0
1974	3.4565088	0
1975	3.45647061	0
1976	3.45643243	0
1977	3.45639424	0
1978	3.45635606	0
1979	3.45631787	0
1980	3.45627968	0
1981	3.4562415	0
1982	3.45620331	0
1983	3.45616512	0
1984	3.45612693	0
1985	3.45608875	0
1986	3.45605056	0
1987	3.45601237	0
1988	3.45597418	0
1989	3.45593599	0
1990	3.4558978	0
1991	3.45585961	0
1992	3.45582141	0
1993	3.45578322	0
1994	3.45574503	0
1995	3.45570684	0
1996	3.45566864	0
1997	3.45563045	0
1998	3.45559226	0
1999	3.45555406	0
2000	3.45551587	0
2001	3.45547959	0
2002	3.45544331	0
2003	3.45540704	0
2004	3.45537076	0
2005	3.45533448	0
2006	3.45529821	0
2007	3.45526193	0
2008	3.45522565	0
2009	3.45518937	0
2010	3.45515309	0
2011	3.45511681	0
2012	3.45508053	0
2013	3.45504425	0
2014	3.45500797	0
2015	3.45497169	0
2016	3.45493541	0
2017	3.45489913	0
2018	3.45486285	0
2019	3.45482656	0
2020	3.45479028	0
2021	3.454754	0
2022	3.45471771	0
2023	3.45468143	0
2024	3.45464514	0
2025	3.45460886	0
2026	3.45457257	0
2027	3.45453629	0
2028	3.4545	0
2029	3.45446372	0
2030	3.45442743	0
2031	3.45439114	0
2032	3.45435486	0
2033	3.45431894	0
2034	3.45428442	0
2035	3.4542499	0
2036	3.45421537	0
2037	3.45418085	0
2038	3.45414633	0
2039	3.4541118	0
2040	3.45407728	0
2041	3.45404275	0
2042	3.45400822	0
2043	3.4539737	0
2044	3.45393917	0
2045	3.45390465	0
2046	3.45387012	0
2047	3.45383559	0
2048	3.45380106	0
2049	3.45376654	0
2050	3.45373201	0
2051	3.45369748	0
2052	3.45366295	0
2053	3.45362842	0
2054	3.45359389	0
2055	3.45355936	0
2056	3.45352483	0
2057	3.4534903	0
2058	3.45345577	0
2059	3.45342124	0
2060	3.4533867	0
2061	3.45335217	0
2062	3.45331764	0
2063	3.45328311	0
2064	3.45324857	0
2065	3.45321404	0
2066	3.4531795	0
2067	3.45314556	0
2068	3.45311278	0
2069	3.45308	0
2070	3.45304722	0
2071	3.45301444	0
2072	3.45298166	0
2073	3.45294887	0
2074	3.45291609	0
2075	3.45288331	0
2076	3.45285053	0
2077	3.45281775	0
2078	3.45278497	0
2079	3.45275218	0
2080	3.4527194	0
2081	3.45268662	0
2082	3.45265383	0
2083	3.45262105	0
2084	3.45258826	0
2085	3.45255548	0
2086	3.45252269	0
2087	3.45248991	0
2088	3.45245712	0
2089	3.45242434	0
2090	3.45239155	0
2091	3.45235877	0
2092	3.45232598	0
2093	3.45229319	0
2094	3.4522604	0
2095	3.45222762	0
2096	3.45219483	0
2097	3.45216204	0
2098	3.45212925	0
2099	3.45209646	0
2100	3.45206367	0
2101	3.45203088	0
2102	3.4519986	0
2103	3.45196746	0
2104	3.45193632	0
2105	3.45190519	0
2106	3.45187405	0
2107	3.45184291	0
2108	3.45181177	0
2109	3.45178063	0
2110	3.45174949	0
2111	3.45171836	0
2112	3.45168722	0
2113	3.45165608	0
2114	3.45162494	0
2115	3.4515938	0
2116	3.45156266	0
2117	3.45153151	0
2118	3.45150037	0
2119	3.45146923	0
2120	3.45143809	0
2121	3.45140695	0
2122	3.45137581	0
2123	3.45134466	0
2124	3.45131352	0
2125	3.45128238	0
2126	3.45125123	0
2127	3.45122009	0
2128	3.45118895	0
2129	3.4511578	0
2130	3.45112666	0
2131	3.45109551	0
2132	3.45106437	0
2133	3.45103322	0
2134	3.45100208	0
2135	3.45097093	0
2136	3.45093979	0
2137	3.45090864	0
2138	3.45087761	0
2139	3.45084809	0
2140	3.45081858	0
2141	3.45078907	0
2142	3.45075955	0
2143	3.45073004	0
2144	3.45070052	0
2145	3.45067101	0
2146	3.4506415	0
2147	3.45061198	0
2148	3.45058247	0
2149	3.45055295	0
2150	3.45052344	0
2151	3.45049392	0
2152	3.4504644	0
2153	3.45043489	0
2154	3.45040537	0
2155	3.45037585	0
2156	3.45034634	0
2157	3.45031682	0
2158	3.4502873	0
2159	3.45025778	0
2160	3.45022827	0
2161	3.45019875	0
2162	3.45016923	0
2163	3.45013971	0
2164	3.45011019	0
2165	3.45008067	0
2166	3.45005115	0
2167	3.45002163	0
2168	3.44999211	0
2169	3.44996259	0
2170	3.44993307	0
2171	3.44990355	0
2172	3.44987403	0
2173	3.44984451	0
2174	3.44981499	0
2175	3.44978547	0
2176	3.44975683	0
2177	3.44972888	0
2178	3.44970094	0
2179	3.44967299	0
2180	3.44964504	0
2181	3.4496171	0
2182	3.44958915	0
2183	3.4495612	0
2184	3.44953326	0
2185	3.44950531	0
2186	3.44947736	0
2187	3.44944941	0
2188	3.44942146	0
2189	3.44939352	0
2190	3.44936557	0
2191	3.44933762	0
2192	3.44930967	0
2193	3.44928172	0
2194	3.44925377	0
2195	3.44922582	0
2196	3.44919787	0
2197	3.44916992	0
2198	3.44914197	0
2199	3.44911402	0
2200	3.44908607	0
2201	3.44905812	0
2202	3.44903016	0
2203	3.44900221	0
2204	3.44897426	0
2205	3.44894631	0
2206	3.44891836	0
2207	3.4488904	0
2208	3.44886245	0
2209	3.4488345	0
2210	3.44880655	0
2211	3.44877859	0
2212	3.44875064	0
2213	3.44872268	0
2214	3.44869473	0
2215	3.44866784	0
2216	3.44864137	0
2217	3.4486149	0
2218	3.44858843	0
2219	3.44856196	0
2220	3.44853549	0
2221	3.44850902	0
2222	3.44848255	0
2223	3.44845608	0
2224	3.44842961	0
2225	3.44840314	0
2226	3.44837667	0
2227	3.4483502	0
2228	3.44832373	0
2229	3.44829725	0
2230	3.44827078	0
2231	3.44824431	0
2232	3.44821784	0
2233	3.44819137	0
2234	3.44816489	0
2235	3.44813842	0
2236	3.44811195	0
2237	3.44808548	0
2238	3.448059	0
2239	3.44803253	0
2240	3.44800606	0
2241	3.44797958	0
2242	3.44795311	0
2243	3.44792663	0
2244	3.44790016	0
2245	3.44787368	0
2246	3.44784721	0
2247	3.44782073	0
2248	3.44779426	0
2249	3.44776778	0
2250	3.44774131	0
2251	3.44771483	0
2252	3.44768836	0
2253	3.44766188	0
2254	3.4476354	0
2255	3.44760959	0
2256	3.44758458	0
2257	3.44755957	0
2258	3.44753456	0
2259	3.44750955	0
2260	3.44748453	0
2261	3.44745952	0
2262	3.44743451	0
2263	3.4474095	0
2264	3.44738448	0
2265	3.44735947	0
2266	3.44733446	0
2267	3.44730944	0
2268	3.44728443	0
2269	3.44725942	0
2270	3.4472344	0
2271	3.44720939	0
2272	3.44718438	0
2273	3.44715936	0
2274	3.44713435	0
2275	3.44710933	0
2276	3.44708432	0
2277	3.4470593	0
2278	3.44703429	0
2279	3.44700927	0
2280	3.44698426	0
2281	3.44695924	0
2282	3.44693422	0
2283	3.44690921	0
2284	3.44688419	0
2285	3.44685917	0
2286	3.44683416	0
2287	3.44680914	0
2288	3.44678412	0
2289	3.44675911	0
2290	3.44673409	0
2291	3.44670907	0
2292	3.44668405	0
2293	3.44665904	0
2294	3.44663402	0
2295	3.446609	0
2296	3.44658398	0
2297	3.44655993	0
2298	3.44653629	0
2299	3.44651265	0
2300	3.44648901	0
2301	3.44646537	0
2302	3.44644173	0
2303	3.44641809	0
2304	3.44639445	0
2305	3.44637081	0
2306	3.44634717	0
2307	3.44632353	0
2308	3.44629989	0
2309	3.44627625	0
2310	3.4462526	0
2311	3.44622896	0
2312	3.44620532	0
2313	3.44618168	0
2314	3.44615804	0
2315	3.44613439	0
2316	3.44611075	0
2317	3.44608711	0
2318	3.44606347	0
2319	3.44603982	0
2320	3.44601618	0
2321	3.44599254	0
2322	3.44596889	0
2323	3.44594525	0
2324	3.4459216	0
2325	3.44589796	0
2326	3.44587432	0
2327	3.44585067	0
2328	3.44582703	0
2329	3.44580338	0
2330	3.44577974	0
2331	3.44575609	0
2332	3.44573245	0
2333	3.4457088	0
2334	3.44568516	0
2335	3.44566151	0
2336	3.44563787	0
2337	3.44561422	0
2338	3.44559057	0
2339	3.44556693	0
2340	3.44554378	0
2341	3.44552146	0
2342	3.44549914	0
2343	3.44547683	0
2344	3.44545451	0
2345	3.44543219	0
2346	3.44540987	0
2347	3.44538755	0
2348	3.44536523	0
2349	3.44534291	0
2350	3.44532059	0
2351	3.44529827	0
2352	3.44527595	0
2353	3.44525363	0
2354	3.44523131	0
2355	3.44520899	0
2356	3.44518667	0
2357	3.44516434	0
2358	3.44514202	0
2359	3.4451197	0
2360	3.44509738	0
2361	3.44507506	0
2362	3.44505274	0
2363	3.44503042	0
2364	3.44500809	0
2365	3.44498577	0
2366	3.44496345	0
2367	3.44494113	0
2368	3.4449188	0
2369	3.44489648	0
2370	3.44487416	0
2371	3.44485184	0
2372	3.44482951	0
2373	3.44480719	0
2374	3.44478487	0
2375	3.44476254	0
2376	3.44474022	0
2377	3.44471789	0
2378	3.44469557	0
2379	3.44467325	0
2380	3.44465092	0
2381	3.4446286	0
2382	3.44460627	0
2383	3.44458395	0
2384	3.44456162	0
2385	3.44453979	0
2386	3.44451874	0
2387	3.44449769	0
2388	3.44447665	0
2389	3.4444556	0
2390	3.44443455	0
2391	3.4444135	0
2392	3.44439245	0
2393	3.44437141	0
2394	3.44435036	0
2395	3.44432931	0
2396	3.44430826	0
2397	3.44428721	0
2398	3.44426616	0
2399	3.44424511	0
2400	3.44422406	0
2401	3.44420301	0
2402	3.44418196	0
2403	3.44416091	0
2404	3.44413986	0
2405	3.44411881	0
2406	3.44409776	0
2407	3.44407671	0
2408	3.44405566	0
2409	3.44403461	0
2410	3.44401356	0
2411	3.44399251	0
2412	3.44397146	0
2413	3.44395041	0
2414	3.44392936	0
2415	3.44390831	0
2416	3.44388726	0
2417	3.4438662	0
2418	3.44384515	0
2419	3.4438241	0
2420	3.44380305	0
2421	3.443782	0
2422	3.44376094	0
2423	3.44373989	0
2424	3.44371884	0
2425	3.44369779	0
2426	3.44367673	0
2427	3.44365568	0
2428	3.44363463	0
2429	3.44361358	0
2430	3.44359252	0
2431	3.44357147	0
2432	3.4435512	0
2433	3.4435314	0
2434	3.4435116	0
2435	3.4434918	0
2436	3.443472	0
2437	3.4434522	0
2438	3.4434324	0
2439	3.4434126	0
2440	3.4433928	0
2441	3.443373	0
2442	3.4433532	0
2443	3.4433334	0
2444	3.4433136	0
2445	3.4432938	0
2446	3.443274	0
2447	3.4432542	0
2448	3.4432344	0
2449	3.44321459	0
2450	3.44319479	0
2451	3.44317499	0
2452	3.44315519	0
2453	3.44313539	0
2454	3.44311559	0
2455	3.44309578	0
2456	3.44307598	0
2457	3.44305618	0
2458	3.44303638	0
2459	3.44301658	0
2460	3.44299677	0
2461	3.44297697	0
2462	3.44295717	0
2463	3.44293736	0
2464	3.44291756	0
2465	3.44289776	0
2466	3.44287795	0
2467	3.44285815	0
2468	3.44283835	0
2469	3.44281854	0
2470	3.44279874	0
2471	3.44277894	0
2472	3.44275913	0
2473	3.44273933	0
2474	3.44271952	0
2475	3.44269972	0
2476	3.44267992	0
2477	3.44266011	0
2478	3.44264031	0
2479	3.4426205	0
2480	3.4426007	0
2481	3.44258205	0
2482	3.4425634	0
2483	3.44254474	0
2484	3.44252609	0
2485	3.44250744	0
2486	3.44248879	0
2487	3.44247014	0
2488	3.44245149	0
2489	3.44243284	0
2490	3.44241419	0
2491	3.44239553	0
2492	3.44237688	0
2493	3.44235823	0
2494	3.44233958	0
2495	3.44232093	0
2496	3.44230227	0
2497	3.44228362	0
2498	3.44226497	0
2499	3.44224632	0
2500	3.44222766	0
2501	3.44220901	0
2502	3.44219036	0
2503	3.44217171	0
2504	3.44215305	0
2505	3.4421344	0
2506	3.44211575	0
2507	3.44209709	0
2508	3.44207844	0
2509	3.44205979	0
2510	3.44204113	0
2511	3.44202248	0
2512	3.44200383	0
2513	3.44198517	0
2514	3.44196652	0
2515	3.44194786	0
2516	3.44192921	0
2517	3.44191055	0
2518	3.4418919	0
2519	3.44187325	0
2520	3.44185459	0
2521	3.44183594	0
2522	3.44181728	0
2523	3.44179863	0
2524	3.44177997	0
2525	3.44176132	0
2526	3.44174266	0
2527	3.44172401	0
2528	3.44170535	0
2529	3.4416867	0
2530	3.44166804	0
2531	3.44164983	0
2532	3.44163233	0
2533	3.44161483	0
2534	3.44159733	0
2535	3.44157983	0
2536	3.44156233	0
2537	3.44154483	0
2538	3.44152733	0
2539	3.44150983	0
2540	3.44149233	0
2541	3.44147483	0
2542	3.44145733	0
2543	3.44143983	0
2544	3.44142233	0
2545	3.44140483	0
2546	3.44138733	0
2547	3.44136983	0
2548	3.44135233	0
2549	3.44133483	0
2550	3.44131732	0
2551	3.44129982	0
2552	3.44128232	0
2553	3.44126482	0
2554	3.44124732	0
2555	3.44122982	0
2556	3.44121231	0
2557	3.44119481	0
2558	3.44117731	0
2559	3.44115981	0
2560	3.44114231	0
2561	3.4411248	0
2562	3.4411073	0
2563	3.4410898	0
2564	3.4410723	0
2565	3.44105479	0
2566	3.44103729	0
2567	3.44101979	0
2568	3.44100229	0
2569	3.44098478	0
2570	3.44096728	0
2571	3.44094978	0
2572	3.44093227	0
2573	3.44091477	0
2574	3.44089727	0
2575	3.44087976	0
2576	3.44086226	0
2577	3.44084476	0
2578	3.44082725	0
2579	3.44080975	0
2580	3.44079225	0
2581	3.44077474	0
2582	3.44075724	0
2583	3.44073973	0
2584	3.44072294	0
2585	3.44070649	0
2586	3.44069005	0
2587	3.4406736	0
2588	3.44065716	0
2589	3.44064071	0
2590	3.44062427	0
2591	3.44060782	0
2592	3.44059138	0
2593	3.44057493	0
2594	3.44055849	0
2595	3.44054204	0
2596	3.4405256	0
2597	3.44050915	0
2598	3.44049271	0
2599	3.44047626	0
2600	3.44045981	0
2601	3.44044337	0
2602	3.44042692	0
2603	3.44041048	0
2604	3.44039403	0
2605	3.44037758	0
2606	3.44036114	0
2607	3.44034469	0
2608	3.44032825	0
2609	3.4403118	0
2610	3.44029535	0
2611	3.44027891	0
2612	3.44026246	0
2613	3.44024601	0
2614	3.44022957	0
2615	3.44021312	0
2616	3.44019667	0
2617	3.44018023	0
2618	3.44016378	0
2619	3.44014733	0
2620	3.44013088	0
2621	3.44011444	0
2622	3.44009799	0
2623	3.44008154	0
2624	3.44006509	0
2625	3.44004865	0
2626	3.4400322	0
2627	3.44001575	0
2628	3.4399993	0
2629	3.43998286	0
2630	3.43996641	0
2631	3.43994996	0
2632	3.43993351	0
2633	3.43991706	0
2634	3.43990061	0
2635	3.43988417	0
2636	3.43986772	0
2637	3.43985127	0
2638	3.43983482	0
2639	3.43981912	0
2640	3.43980374	0
2641	3.43978835	0
2642	3.43977297	0
2643	3.43975758	0
2644	3.4397422	0
2645	3.43972681	0
2646	3.43971143	0
2647	3.43969605	0
2648	3.43968066	0
2649	3.43966528	0
2650	3.43964989	0
2651	3.43963451	0
2652	3.43961912	0
2653	3.43960374	0
2654	3.43958835	0
2655	3.43957297	0
2656	3.43955758	0
2657	3.4395422	0
2658	3.43952681	0
2659	3.43951143	0
2660	3.43949604	0
2661	3.43948066	0
2662	3.43946527	0
2663	3.43944989	0
2664	3.4394345	0
2665	3.43941911	0
2666	3.43940373	0
2667	3.43938834	0
2668	3.43937296	0
2669	3.43935757	0
2670	3.43934218	0
2671	3.4393268	0
2672	3.43931141	0
2673	3.43929603	0
2674	3.43928064	0
2675	3.43926525	0
2676	3.43924987	0
2677	3.43923448	0
2678	3.43921909	0
2679	3.43920371	0
2680	3.43918832	0
2681	3.43917293	0
2682	3.43915755	0
2683	3.43914216	0
2684	3.43912677	0
2685	3.43911139	0
2686	3.439096	0
2687	3.43908061	0
2688	3.43906522	0
2689	3.43904984	0
2690	3.43903445	0
2691	3.43901906	0
2692	3.43900368	0
2693	3.43898829	0
2694	3.4389729	0
2695	3.43895751	0
2696	3.43894246	0
2697	3.43892805	0
2698	3.43891363	0
2699	3.43889921	0
2700	3.4388848	0
2701	3.43887038	0
2702	3.43885597	0
2703	3.43884155	0
2704	3.43882713	0
2705	3.43881272	0
2706	3.4387983	0
2707	3.43878388	0
2708	3.43876947	0
2709	3.43875505	0
2710	3.43874063	0
2711	3.43872622	0
2712	3.4387118	0
2713	3.43869738	0
2714	3.43868297	0
2715	3.43866855	0
2716	3.43865413	0
2717	3.43863971	0
2718	3.4386253	0
2719	3.43861088	0
2720	3.43859646	0
2721	3.43858204	0
2722	3.43856763	0
2723	3.43855321	0
2724	3.43853879	0
2725	3.43852437	0
2726	3.43850996	0
2727	3.43849554	0
2728	3.43848112	0
2729	3.4384667	0
2730	3.43845229	0
2731	3.43843787	0
2732	3.43842345	0
2733	3.43840903	0
2734	3.43839461	0
2735	3.43838019	0
2736	3.43836578	0
2737	3.43835136	0
2738	3.43833694	0
2739	3.43832252	0
2740	3.4383081	0
2741	3.43829368	0
2742	3.43827927	0
2743	3.43826485	0
2744	3.43825043	0
2745	3.43823601	0
2746	3.43822159	0
2747	3.43820717	0
2748	3.43819275	0
2749	3.43817833	0
2750	3.43816391	0
2751	3.43814949	0
2752	3.43813508	0
2753	3.43812066	0
2754	3.43810624	0
2755	3.43809182	0
2756	3.43807782	0
2757	3.43806435	0
2758	3.43805088	0
2759	3.43803741	0
2760	3.43802394	0
2761	3.43801047	0
2762	3.437997	0
2763	3.43798353	0
2764	3.43797006	0
2765	3.43795659	0
2766	3.43794312	0
2767	3.43792965	0
2768	3.43791618	0
2769	3.43790271	0
2770	3.43788924	0
2771	3.43787577	0
2772	3.4378623	0
2773	3.43784883	0
2774	3.43783536	0
2775	3.43782189	0
2776	3.43780842	0
2777	3.43779495	0
2778	3.43778148	0
2779	3.43776801	0
2780	3.43775454	0
2781	3.43774107	0
2782	3.4377276	0
2783	3.43771413	0
2784	3.43770066	0
2785	3.43768719	0
2786	3.43767372	0
2787	3.43766025	0
2788	3.43764678	0
2789	3.43763331	0
2790	3.43761983	0
2791	3.43760636	0
2792	3.43759289	0
2793	3.43757942	0
2794	3.43756595	0
2795	3.43755248	0
2796	3.43753901	0
2797	3.43752554	0
2798	3.43751206	0
2799	3.43749859	0
2800	3.43748512	0
2801	3.43747165	0
2802	3.43745818	0
2803	3.43744471	0
2804	3.43743123	0
2805	3.43741776	0
2806	3.43740429	0
2807	3.43739082	0
2808	3.43737735	0
2809	3.43736388	0
2810	3.4373504	0
2811	3.43733693	0
2812	3.43732346	0
2813	3.43730999	0
2814	3.43729651	0
2815	3.43728304	0
2816	3.43726957	0
2817	3.4372561	0
2818	3.43724262	0
2819	3.4372299	0
2820	3.43721733	0
2821	3.43720477	0
2822	3.43719221	0
2823	3.43717965	0
2824	3.43716708	0
2825	3.43715452	0
2826	3.43714196	0
2827	3.43712939	0
2828	3.43711683	0
2829	3.43710427	0
2830	3.4370917	0
2831	3.43707914	0
2832	3.43706658	0
2833	3.43705401	0
2834	3.43704145	0
2835	3.43702889	0
2836	3.43701632	0
2837	3.43700376	0
2838	3.4369912	0
2839	3.43697863	0
2840	3.43696607	0
2841	3.43695351	0
2842	3.43694094	0
2843	3.43692838	0
2844	3.43691582	0
2845	3.43690325	0
2846	3.43689069	0
2847	3.43687812	0
2848	3.43686556	0
2849	3.436853	0
2850	3.43684043	0
2851	3.43682787	0
2852	3.4368153	0
2853	3.43680274	0
2854	3.43679017	0
2855	3.43677761	0
2856	3.43676505	0
2857	3.43675248	0
2858	3.43673992	0
2859	3.43672735	0
2860	3.43671479	0
2861	3.43670222	0
2862	3.43668966	0
2863	3.43667709	0
2864	3.43666453	0
2865	3.43665196	0
2866	3.4366394	0
2867	3.43662684	0
2868	3.43661427	0
2869	3.43660171	0
2870	3.43658914	0
2871	3.43657658	0
2872	3.43656401	0
2873	3.43655145	0
2874	3.43653888	0
2875	3.43652631	0
2876	3.43651375	0
2877	3.43650118	0
2878	3.43648862	0
2879	3.43647605	0
2880	3.43646349	0
2881	3.43645092	0
2882	3.43643836	0
2883	3.43642579	0
2884	3.43641346	0
2885	3.43640174	0
2886	3.43639002	0
2887	3.4363783	0
2888	3.43636658	0
2889	3.43635486	0
2890	3.43634314	0
2891	3.43633142	0
2892	3.4363197	0
2893	3.43630798	0
2894	3.43629626	0
2895	3.43628454	0
2896	3.43627282	0
2897	3.4362611	0
2898	3.43624938	0
2899	3.43623766	0
2900	3.43622594	0
2901	3.43621422	0
2902	3.4362025	0
2903	3.43619078	0
2904	3.43617906	0
2905	3.43616734	0
2906	3.43615562	0
2907	3.4361439	0
2908	3.43613218	0
2909	3.43612046	0
2910	3.43610874	0
2911	3.43609702	0
2912	3.4360853	0
2913	3.43607358	0
2914	3.43606185	0
2915	3.43605013	0
2916	3.43603841	0
2917	3.43602669	0
2918	3.43601497	0
2919	3.43600325	0
2920	3.43599153	0
2921	3.43597981	0
2922	3.43596809	0
2923	3.43595637	0
2924	3.43594464	0
2925	3.43593292	0
2926	3.4359212	0
2927	3.43590948	0
2928	3.43589776	0
2929	3.43588604	0
2930	3.43587432	0
2931	3.43586259	0
2932	3.43585087	0
2933	3.43583915	0
2934	3.43582743	0
2935	3.43581571	0
2936	3.43580399	0
2937	3.43579226	0
2938	3.43578054	0
2939	3.43576882	0
2940	3.4357571	0
2941	3.43574538	0
2942	3.43573366	0
2943	3.43572193	0
2944	3.43571021	0
2945	3.43569849	0
2946	3.43568677	0
2947	3.43567505	0
2948	3.43566332	0
2949	3.4356516	0
2950	3.43563988	0
2951	3.43562816	0
2952	3.43561643	0
2953	3.43560523	0
2954	3.43559433	0
2955	3.43558344	0
2956	3.43557255	0
2957	3.43556166	0
2958	3.43555077	0
2959	3.43553987	0
2960	3.43552898	0
2961	3.43551809	0
2962	3.4355072	0
2963	3.43549631	0
2964	3.43548541	0
2965	3.43547452	0
2966	3.43546363	0
2967	3.43545274	0
2968	3.43544184	0
2969	3.43543095	0
2970	3.43542006	0
2971	3.43540917	0
2972	3.43539827	0
2973	3.43538738	0
2974	3.43537649	0
2975	3.4353656	0
2976	3.4353547	0
2977	3.43534381	0
2978	3.43533292	0
2979	3.43532202	0
2980	3.43531113	0
2981	3.43530024	0
2982	3.43528935	0
2983	3.43527845	0
2984	3.43526756	0
2985	3.43525667	0
2986	3.43524577	0
2987	3.43523488	0
2988	3.43522399	0
2989	3.4352131	0
2990	3.4352022	0
2991	3.43519131	0
2992	3.43518042	0
2993	3.43516952	0
2994	3.43515863	0
2995	3.43514774	0
2996	3.43513684	0
2997	3.43512595	0
2998	3.43511506	0
2999	3.43510416	0
3000	3.43509327	0
3001	3.43508238	0
3002	3.43507148	0
3003	3.43506059	0
3004	3.43504969	0
3005	3.4350388	0
3006	3.43502791	0
3007	3.43501701	0
3008	3.43500612	0
3009	3.43499523	0
3010	3.43498433	0
3011	3.43497344	0
3012	3.43496254	0
3013	3.43495165	0
3014	3.43494076	0
3015	3.43492986	0
3016	3.43491897	0
3017	3.43490807	0
3018	3.43489718	0
3019	3.43488629	0
3020	3.43487539	0
3021	3.4348645	0
3022	3.4348536	0
3023	3.43484271	0
3024	3.43483181	0
3025	3.4348214	0
3026	3.43481129	0
3027	3.43480119	0
3028	3.43479108	0
3029	3.43478097	0
3030	3.43477086	0
3031	3.43476075	0
3032	3.43475065	0
3033	3.43474054	0
3034	3.43473043	0
3035	3.43472032	0
3036	3.43471022	0
3037	3.43470011	0
3038	3.43469	0
3039	3.43467989	0
3040	3.43466978	0
3041	3.43465968	0
3042	3.43464957	0
3043	3.43463946	0
3044	3.43462935	0
3045	3.43461924	0
3046	3.43460914	0
3047	3.43459903	0
3048	3.43458892	0
3049	3.43457881	0
3050	3.4345687	0
3051	3.43455859	0
3052	3.43454849	0
3053	3.43453838	0
3054	3.43452827	0
3055	3.43451816	0
3056	3.43450805	0
3057	3.43449794	0
3058	3.43448784	0
3059	3.43447773	0
3060	3.43446762	0
3061	3.43445751	0
3062	3.4344474	0
3063	3.43443729	0
3064	3.43442718	0
3065	3.43441707	0
3066	3.43440697	0
3067	3.43439686	0
3068	3.43438675	0
3069	3.43437664	0
3070	3.43436653	0
3071	3.43435642	0
3072	3.43434631	0
3073	3.4343362	0
3074	3.4343261	0
3075	3.43431599	0
3076	3.43430588	0
3077	3.43429577	0
3078	3.43428566	0
3079	3.43427555	0
3080	3.43426544	0
3081	3.43425533	0
3082	3.43424522	0
3083	3.43423511	0
3084	3.434225	0
3085	3.43421489	0
3086	3.43420478	0
3087	3.43419468	0
3088	3.43418457	0
3089	3.43417446	0
3090	3.43416435	0
3091	3.43415424	0
3092	3.43414413	0
3093	3.43413402	0
3094	3.43412391	0
3095	3.4341138	0
3096	3.43410369	0
3097	3.43409358	0
3098	3.43408347	0
3099	3.43407336	0
3100	3.43406325	0
3101	3.43405387	0
3102	3.43404449	0
3103	3.43403511	0
3104	3.43402573	0
3105	3.43401636	0
3106	3.43400698	0
3107	3.4339976	0
3108	3.43398822	0
3109	3.43397884	0
3110	3.43396946	0
3111	3.43396008	0
3112	3.4339507	0
3113	3.43394132	0
3114	3.43393194	0
3115	3.43392256	0
3116	3.43391318	0
3117	3.4339038	0
3118	3.43389442	0
3119	3.43388504	0
3120	3.43387567	0
3121	3.43386629	0
3122	3.43385691	0
3123	3.43384753	0
3124	3.43383815	0
3125	3.43382877	0
3126	3.43381939	0
3127	3.43381001	0
3128	3.43380063	0
3129	3.43379125	0
3130	3.43378187	0
3131	3.43377249	0
3132	3.43376311	0
3133	3.43375373	0
3134	3.43374435	0
3135	3.43373497	0
3136	3.43372559	0
3137	3.43371621	0
3138	3.43370683	0
3139	3.43369745	0
3140	3.43368807	0
3141	3.43367869	0
3142	3.43366931	0
3143	3.43365993	0
3144	3.43365055	0
3145	3.43364117	0
3146	3.43363179	0
3147	3.43362241	0
3148	3.43361303	0
3149	3.43360365	0
3150	3.43359427	0
3151	3.43358489	0
3152	3.43357551	0
3153	3.43356613	0
3154	3.43355675	0
3155	3.43354737	0
3156	3.43353798	0
3157	3.4335286	0
3158	3.43351922	0
3159	3.43350984	0
3160	3.43350046	0
3161	3.43349108	0
3162	3.4334817	0
3163	3.43347232	0
3164	3.43346294	0
3165	3.43345356	0
3166	3.43344418	0
3167	3.4334348	0
3168	3.43342542	0
3169	3.43341604	0
3170	3.43340666	0
3171	3.43339727	0
3172	3.43338789	0
3173	3.43337851	0
3174	3.43336913	0
3175	3.43335975	0
3176	3.43335037	0
3177	3.43334099	0
3178	3.43333161	0
3179	3.43332223	0
3180	3.43331321	0
3181	3.43330454	0
3182	3.43329588	0
3183	3.43328721	0
3184	3.43327854	0
3185	3.43326987	0
3186	3.4332612	0
3187	3.43325253	0
3188	3.43324387	0
3189	3.4332352	0
3190	3.43322653	0
3191	3.43321786	0
3192	3.43320919	0
3193	3.43320053	0
3194	3.43319186	0
3195	3.43318319	0
3196	3.43317452	0
3197	3.43316585	0
3198	3.43315718	0
3199	3.43314852	0
3200	3.43313985	0
3201	3.43313118	0
3202	3.43312251	0
3203	3.43311384	0
3204	3.43310517	0
3205	3.4330965	0
3206	3.43308784	0
3207	3.43307917	0
3208	3.4330705	0
3209	3.43306183	0
3210	3.43305316	0
3211	3.43304449	0
3212	3.43303582	0
3213	3.43302715	0
3214	3.43301849	0
3215	3.43300982	0
3216	3.43300115	0
3217	3.43299248	0
3218	3.43298381	0
3219	3.43297514	0
3220	3.43296647	0
3221	3.4329578	0
3222	3.43294914	0
3223	3.43294047	0
3224	3.4329318	0
3225	3.43292313	0
3226	3.43291446	0
3227	3.43290579	0
3228	3.43289712	0
3229	3.43288845	0
3230	3.43287978	0
3231	3.43287111	0
3232	3.43286244	0
3233	3.43285378	0
3234	3.43284511	0
3235	3.43283644	0
3236	3.43282777	0
3237	3.4328191	0
3238	3.43281043	0
3239	3.43280176	0
3240	3.43279309	0
3241	3.43278442	0
3242	3.43277575	0
3243	3.43276708	0
3244	3.43275841	0
3245	3.43274974	0
3246	3.43274107	0
3247	3.4327324	0
3248	3.43272374	0
3249	3.43271507	0
3250	3.4327064	0
3251	3.43269773	0
3252	3.43268906	0
3253	3.43268039	0
3254	3.43267172	0
3255	3.43266305	0
3256	3.43265438	0
3257	3.43264571	0
3258	3.43263704	0
3259	3.43262837	0
3260	3.4326197	0
3261	3.43261103	0
3262	3.43260236	0
3263	3.43259369	0
3264	3.43258558	0
3265	3.43257756	0
3266	3.43256955	0
3267	3.43256154	0
3268	3.43255353	0
3269	3.43254552	0
3270	3.43253751	0
3271	3.4325295	0
3272	3.43252149	0
3273	3.43251347	0
3274	3.43250546	0
3275	3.43249745	0
3276	3.43248944	0
3277	3.43248143	0
3278	3.43247342	0
3279	3.43246541	0
3280	3.4324574	0
3281	3.43244938	0
3282	3.43244137	0
3283	3.43243336	0
3284	3.43242535	0
3285	3.43241734	0
3286	3.43240933	0
3287	3.43240132	0
3288	3.4323933	0
3289	3.43238529	0
3290	3.43237728	0
3291	3.43236927	0
3292	3.43236126	0
3293	3.43235325	0
3294	3.43234524	0
3295	3.43233722	0
3296	3.43232921	0
3297	3.4323212	0
3298	3.43231319	0
3299	3.43230518	0
3300	3.43229717	0